0.827907 0.456096
0.826865 0.455402
0.826692 0.456246
0.827841 0.456444
0.842847 0.461572
0.837976 0.467212
0.838344 0.47262
0.842058 0.471775
0.942974 0.330423
0.966389 0.332846
0.963798 0.301244
0.936587 0.292931
0.870015 0.218946
0.891536 0.243748
0.894946 0.20901
0.86188 0.193731
0.626067 0.713548
0.655533 0.703344
0.646852 0.690397
0.164776 0.456219
0.1658 0.455529
0.165981 0.456376
0.164845 0.456567
0.149956 0.461721
0.154869 0.467361
0.154558 0.472779
0.150856 0.47194
0.620711 0.699293
0.875382 0.496354
0.876257 0.49374
0.874834 0.491952
0.873927 0.49455
0.871472 0.470778
0.87094 0.482536
0.8713 0.485865
0.872019 0.483542
0.871509 0.449954
0.869884 0.450896
0.872148 0.46094
0.873879 0.46077
0.838315 0.395768
0.84038 0.402876
0.844026 0.400208
0.841142 0.391893
0.841435 0.384948
0.84912 0.39376
0.853582 0.390914
0.8466 0.382012
0.865905 0.512859
0.863353 0.50989
0.85949 0.512043
0.862553 0.515661
0.903197 0.443541
0.896335 0.420583
0.890997 0.445717
0.8936 0.452797
0.862936 0.493077
0.865943 0.493748
0.866905 0.49178
0.864481 0.490056
0.877836 0.499308
0.878909 0.496392
0.82423 0.409451
0.816272 0.418672
0.818097 0.425891
0.823238 0.423976
0.83808 0.460496
0.836168 0.468022
0.865693 0.426083
0.863523 0.429405
0.868056 0.439421
0.870187 0.437303
0.857959 0.433341
0.86383 0.440753
0.866519 0.442895
0.863829 0.437613
0.867019 0.499853
0.863152 0.504591
0.864036 0.505455
0.86788 0.500126
0.897221 0.488439
0.896823 0.503983
0.899057 0.503323
0.898225 0.488134
0.868763 0.493053
0.869888 0.490883
0.868225 0.489363
0.844697 0.494535
0.846961 0.495396
0.847181 0.492958
0.845394 0.491128
0.848993 0.398547
0.876764 0.389051
0.878802 0.397244
0.884644 0.415077
0.888614 0.415091
0.831825 0.387866
0.834026 0.395287
0.836807 0.395414
0.836173 0.388504
0.850583 0.499869
0.854041 0.497539
0.85151 0.496872
0.848863 0.498398
0.869476 0.479087
0.866125 0.487052
0.864392 0.461427
0.868953 0.463043
0.868216 0.455204
0.05202 0.330165
0.029205 0.332718
0.031772 0.301144
0.058399 0.292781
0.863402 0.453967
0.862904 0.475192
0.867416 0.476409
0.87217 0.490753
0.873166 0.482859
0.871296 0.490781
0.896723 0.517194
0.90603 0.524955
0.909515 0.50411
0.899334 0.509068
0.814715 0.439052
0.815386 0.44601
0.820247 0.442227
0.822995 0.435592
0.87954 0.411076
0.875562 0.396903
0.873566 0.396725
0.874814 0.407608
0.857822 0.497888
0.857133 0.491101
0.854636 0.491664
0.841335 0.431988
0.844002 0.435579
0.84904 0.43021
0.847002 0.425162
0.8572 0.408243
0.859029 0.403657
0.853694 0.398236
0.852684 0.402568
0.822729 0.430085
0.817191 0.430877
0.892258 0.488113
0.890929 0.502588
0.861944 0.487965
0.863556 0.485
0.82087 0.466724
0.825851 0.465959
0.824843 0.464314
0.819626 0.463578
0.818798 0.467103
0.817856 0.463741
0.815875 0.463681
0.815771 0.465966
0.826963 0.465058
0.826344 0.465087
0.826902 0.466657
0.846995 0.474293
0.848408 0.462167
0.846256 0.461643
0.844427 0.472826
0.870879 0.466015
0.85308 0.519142
0.854777 0.524826
0.864092 0.52006
0.837491 0.446209
0.839104 0.439991
0.835726 0.439241
0.835489 0.44468
0.821894 0.452148
0.824589 0.446916
0.818719 0.44914
0.822201 0.482616
0.825611 0.471616
0.821763 0.469348
0.819607 0.470858
0.87345 0.448904
0.875985 0.460354
0.878909 0.459689
0.876382 0.44739
0.82435 0.395864
0.829147 0.374883
0.814942 0.400565
0.872027 0.503703
0.873706 0.507233
0.875232 0.504611
0.87336 0.501225
0.840514 0.482035
0.838708 0.479561
0.83851 0.482213
0.840048 0.48453
0.913942 0.372248
0.892795 0.368057
0.91081 0.410742
0.92264 0.41584
0.85572 0.414436
0.851839 0.409438
0.825587 0.503685
0.824494 0.509354
0.833641 0.524315
0.831353 0.514392
0.880655 0.486596
0.877449 0.485093
0.849343 0.501995
0.855562 0.503813
0.852223 0.501391
0.84895 0.500912
0.835143 0.493577
0.83621 0.497003
0.839852 0.49555
0.838856 0.492407
0.825758 0.523817
0.839685 0.53749
0.876011 0.382443
0.831447 0.4993
0.834315 0.505848
0.838182 0.50118
0.124014 0.218952
0.102731 0.243708
0.099625 0.209027
0.132266 0.19378
0.80976 0.419093
0.8135 0.427367
0.84769 0.499671
0.84638 0.498011
0.842631 0.492279
0.844147 0.488818
0.854964 0.476579
0.858014 0.462012
0.901829 0.405782
0.864851 0.355415
0.841529 0.494243
0.842088 0.494587
0.841574 0.492499
0.840782 0.491898
0.848779 0.405351
0.85281 0.487134
0.848141 0.485157
0.848576 0.488354
0.873147 0.469339
0.873821 0.482824
0.875665 0.483738
0.875211 0.46961
0.836186 0.380433
0.839042 0.477802
0.837115 0.474679
0.841474 0.486048
0.840694 0.489359
0.810321 0.436713
0.866551 0.496353
0.867676 0.494849
0.865041 0.495361
0.86402 0.496699
0.86233 0.499569
0.862646 0.501132
0.865297 0.497855
0.845915 0.486975
0.846809 0.489395
0.839408 0.4289
0.844002 0.416461
0.865473 0.447501
0.860183 0.447818
0.885552 0.46919
0.886308 0.487255
0.889406 0.487571
0.887309 0.468437
0.898399 0.469472
0.906806 0.470475
0.815461 0.468621
0.813424 0.478681
0.840797 0.485217
0.840313 0.488493
0.88012 0.426829
0.867006 0.399398
0.876358 0.421251
0.865396 0.386821
0.859447 0.384333
0.861999 0.391729
0.855501 0.437323
0.860721 0.441452
0.82783 0.464426
0.829235 0.461455
0.82731 0.462459
0.859501 0.47527
0.861443 0.461495
0.840662 0.49975
0.831159 0.479268
0.829741 0.487902
0.845494 0.509822
0.843622 0.504405
0.841673 0.502561
0.841014 0.505658
0.827778 0.454368
0.826493 0.4512
0.824571 0.45395
0.860967 0.502216
0.861071 0.499198
0.88774 0.501051
0.848561 0.495287
0.849181 0.493012
0.890185 0.548544
0.881463 0.540893
0.87767 0.540256
0.876467 0.554242
0.850473 0.382115
0.856214 0.389598
0.858188 0.388834
0.854377 0.382884
0.834313 0.438857
0.834363 0.443763
0.86933 0.45115
0.868129 0.448996
0.870296 0.457783
0.871135 0.460681
0.843139 0.481763
0.84217 0.480592
0.887296 0.525042
0.8815 0.520433
0.875365 0.528482
0.881039 0.532059
0.884507 0.499233
0.84859 0.490914
0.850112 0.490893
0.847887 0.491769
0.838484 0.490513
0.834518 0.490395
0.848004 0.507703
0.856924 0.5093
0.856067 0.507834
0.849136 0.505998
0.843973 0.496693
0.967802 0.369636
0.968926 0.403403
0.36806 0.714197
0.338887 0.703718
0.347288 0.690679
0.373206 0.699728
0.852631 0.530653
0.863956 0.531768
0.864087 0.52657
0.856279 0.5294
0.863322 0.495722
0.870133 0.493228
0.834077 0.471401
0.832419 0.46327
0.828116 0.456781
0.828099 0.457058
0.828338 0.45706
0.828438 0.456741
0.829438 0.455268
0.830826 0.453572
0.828944 0.451929
0.828739 0.454554
0.828269 0.456009
0.828169 0.456406
0.828574 0.456299
0.828647 0.455809
0.858856 0.504067
0.861984 0.503578
0.872106 0.493568
0.873008 0.490889
0.867798 0.497175
0.869023 0.495378
0.813626 0.451266
0.816442 0.452822
0.817093 0.450008
0.872856 0.496911
0.874405 0.498745
0.829501 0.402016
0.829213 0.397026
0.685817 0.175559
0.731676 0.184657
0.720382 0.157182
0.671657 0.151136
0.845884 0.517276
0.847276 0.525033
0.828156 0.455564
0.828385 0.455468
0.828349 0.454453
0.826782 0.457215
0.827833 0.456816
0.829584 0.456118
0.828578 0.458422
0.827896 0.458828
0.827866 0.444228
0.831484 0.443654
0.828832 0.437216
0.828563 0.455379
0.842333 0.48402
0.831453 0.457315
0.835578 0.454916
0.834744 0.451673
0.831458 0.455309
0.852536 0.42987
0.851557 0.433941
0.839953 0.448188
0.843203 0.442724
0.836102 0.477765
0.8344 0.484499
0.82792 0.465609
0.830765 0.459446
0.835077 0.458391
0.827043 0.458047
0.825145 0.460133
0.826006 0.461257
0.827333 0.458555
0.852394 0.492252
0.839093 0.521955
0.839442 0.512336
0.89338 0.565617
0.90603 0.547063
0.901202 0.540443
0.829413 0.457025
0.828052 0.457252
0.827875 0.457305
0.866641 0.441524
0.829764 0.434392
0.838422 0.486832
0.883518 0.458053
0.880796 0.445447
0.840085 0.487871
0.840205 0.489942
0.833032 0.443705
0.83219 0.43795
0.84036 0.490638
0.818204 0.452463
0.86083 0.489973
0.863034 0.401494
0.85814 0.395432
0.827853 0.457101
0.82807 0.452461
0.829107 0.457866
0.821563 0.458333
0.821361 0.45511
0.818032 0.456219
0.846693 0.444503
0.842916 0.4514
0.845698 0.453704
0.850412 0.446767
0.877311 0.433336
0.872401 0.421509
0.868419 0.423396
0.872905 0.435104
0.892196 0.594266
0.881916 0.571862
0.876438 0.611078
0.878487 0.510394
0.880686 0.507364
0.876614 0.501958
0.858323 0.545975
0.872414 0.538309
0.863625 0.537467
0.880876 0.470091
0.822803 0.493152
0.829832 0.493332
0.883175 0.428313
0.850535 0.440915
0.855438 0.443606
0.866251 0.507358
0.860885 0.50768
0.53635 0.15994
0.534965 0.142921
0.512684 0.504669
0.513067 0.504456
0.512796 0.504144
0.512697 0.504195
0.51373 0.498908
0.513324 0.500964
0.514222 0.501409
0.515702 0.499885
0.51257 0.503939
0.511941 0.503989
0.512053 0.504588
0.512617 0.504109
0.868386 0.509868
0.518794 0.501766
0.51562 0.502466
0.516426 0.504569
0.522578 0.506258
0.505058 0.505642
0.507972 0.507293
0.507875 0.503852
0.506048 0.501805
0.510052 0.508717
0.510077 0.512472
0.51319 0.512449
0.512335 0.508938
0.511452 0.502781
0.51042 0.501562
0.510196 0.504111
0.514515 0.503892
0.514308 0.502955
0.513301 0.503601
0.513358 0.503917
0.715973 0.212765
0.754276 0.220467
0.620706 0.53258
0.618975 0.526944
0.605344 0.536366
0.60735 0.540611
0.816953 0.460105
0.815165 0.461557
0.882846 0.503671
0.866326 0.499152
0.876361 0.513264
0.871914 0.519527
0.873447 0.52394
0.8787 0.516993
0.870133 0.501385
0.831926 0.429504
0.856221 0.485346
0.86854 0.523146
0.867481 0.516529
0.872259 0.469466
0.871632 0.499215
0.869474 0.498017
0.850768 0.513058
0.84793 0.457579
0.856721 0.455209
0.853972 0.44992
0.118092 0.496461
0.11721 0.493851
0.118605 0.492071
0.119524 0.494663
0.121663 0.470888
0.122329 0.482707
0.122015 0.486027
0.121284 0.483697
0.847016 0.455126
0.841095 0.479381
0.805414 0.436792
0.850295 0.419238
0.121427 0.449965
0.12304 0.45093
0.120919 0.460973
0.119208 0.460784
0.854376 0.422465
0.946795 0.365227
0.95018 0.399125
0.877545 0.470008
0.859261 0.502416
0.836877 0.428859
0.837725 0.414975
0.833086 0.413826
0.849713 0.491741
0.885098 0.429574
0.887687 0.435499
0.828261 0.457238
0.874771 0.420745
0.864923 0.400484
0.792384 0.228006
0.827256 0.237922
0.153804 0.395813
0.151824 0.402929
0.148166 0.400258
0.150946 0.39194
0.810809 0.20553
0.77446 0.194304
0.806992 0.474518
0.809147 0.456029
0.80656 0.452759
0.598305 0.177246
0.579609 0.151601
0.796889 0.436436
0.781214 0.438251
0.783589 0.486921
0.794853 0.465043
0.734142 0.625525
0.746723 0.622955
0.745698 0.58668
0.73538 0.595059
0.566976 0.806985
0.530673 0.810853
0.533546 0.828017
0.573146 0.823606
0.953351 0.429482
0.954995 0.465773
0.971103 0.46246
0.970058 0.43103
0.606835 0.873017
0.557496 0.885355
0.581502 0.903595
0.150594 0.384988
0.143038 0.393787
0.138571 0.390932
0.145432 0.382018
0.630971 0.887634
0.688497 0.515273
0.689271 0.492812
0.675381 0.493409
0.675279 0.51477
0.837606 0.403441
0.834603 0.403046
0.12763 0.512953
0.130139 0.509993
0.133987 0.512145
0.130976 0.515745
0.09 0.443329
0.096574 0.420337
0.102148 0.445512
0.099618 0.452587
0.620961 0.918605
0.664771 0.899138
0.545483 0.595339
0.13036 0.493207
0.127396 0.493876
0.126427 0.491921
0.128806 0.490204
0.115676 0.499407
0.114594 0.496494
0.167946 0.409559
0.175956 0.418777
0.174219 0.425998
0.169078 0.424088
0.154693 0.46064
0.15667 0.468178
0.126922 0.426147
0.129095 0.429485
0.124716 0.439457
0.122591 0.437322
0.549221 0.60094
0.56134 0.585414
0.559332 0.579134
0.521114 0.755115
0.524567 0.772294
0.554212 0.770317
0.548163 0.75396
0.57607 0.568723
0.574187 0.564121
0.536499 0.844537
0.579652 0.839562
0.837775 0.862671
0.134637 0.433513
0.128901 0.440913
0.126256 0.443021
0.128874 0.437761
0.807062 0.878193
0.800596 0.904287
0.126395 0.499946
0.130282 0.504705
0.129429 0.505565
0.125558 0.500216
0.853506 0.871477
0.922067 0.475564
0.917837 0.459539
0.916804 0.515723
0.922426 0.526688
0.650865 0.188922
0.631221 0.160647
0.096339 0.488441
0.096889 0.504015
0.094686 0.503314
0.095359 0.488082
0.124605 0.493188
0.123469 0.491033
0.125096 0.489518
0.148451 0.494678
0.146209 0.495539
0.145972 0.493106
0.147733 0.491278
0.143207 0.398593
0.115526 0.388903
0.113607 0.397153
0.10808 0.414927
0.104166 0.414911
0.696546 0.704386
0.708617 0.712859
0.72751 0.68788
0.713764 0.682147
0.515515 0.721143
0.538881 0.721562
0.5332 0.703514
0.513423 0.701458
0.160195 0.387914
0.158063 0.395356
0.155295 0.395476
0.155868 0.388546
0.731815 0.564972
0.739753 0.550363
0.727481 0.517036
0.72173 0.53607
0.700502 0.518907
0.142643 0.49999
0.139203 0.497657
0.141702 0.497001
0.144338 0.49853
0.702609 0.496283
0.123731 0.47926
0.127148 0.487213
0.560268 0.788311
0.527456 0.791432
0.740827 0.657366
0.72679 0.655391
0.534111 0.603239
0.540716 0.609765
0.529278 0.62353
0.128552 0.461564
0.12404 0.463188
0.124693 0.455365
0.129459 0.454116
0.510484 0.616017
0.510111 0.632307
0.524926 0.63583
0.611275 0.745948
0.619326 0.759157
0.651378 0.749264
0.642416 0.737327
0.590835 0.856742
0.130206 0.475357
0.125735 0.476585
0.544515 0.865441
0.51103 0.672679
0.526165 0.675057
0.524864 0.660104
0.121226 0.490893
0.120153 0.482992
0.122083 0.49093
0.097096 0.517213
0.087872 0.524952
0.0843 0.504015
0.094456 0.509046
0.511232 0.658801
0.590032 0.548918
0.591544 0.553315
0.84693 0.370751
0.84466 0.377072
0.807641 0.525283
0.799 0.494613
0.790903 0.526456
0.802747 0.565452
0.816021 0.598369
0.828252 0.619165
0.834984 0.572839
0.819097 0.552963
0.842644 0.214193
0.858895 0.244265
0.508928 0.602069
0.50795 0.590528
0.971701 0.560564
0.177725 0.439167
0.177125 0.446127
0.172244 0.442356
0.169441 0.435719
0.972241 0.531458
0.955551 0.539937
0.954258 0.566655
0.917567 0.439888
0.113061 0.410951
0.116806 0.396831
0.118767 0.396678
0.117675 0.407504
0.911571 0.435363
0.513764 0.505485
0.512772 0.503886
0.512989 0.503347
0.5128 0.503781
0.514804 0.50787
0.516757 0.510849
0.513552 0.502344
0.513175 0.502218
0.512865 0.503394
0.512822 0.504016
0.499157 0.507497
0.499469 0.512721
0.504839 0.513087
0.503668 0.508524
0.512554 0.503823
0.512249 0.503561
0.510245 0.505628
0.512338 0.504729
0.512653 0.50416
0.511322 0.506236
0.508944 0.499425
0.512583 0.506208
0.13547 0.498002
0.136091 0.491238
0.138567 0.491801
0.151168 0.43211
0.148552 0.435707
0.143474 0.430336
0.145449 0.425274
0.846823 0.43844
0.772247 0.268393
0.805713 0.314811
0.817021 0.309268
0.135087 0.408336
0.133217 0.403715
0.13851 0.398275
0.139551 0.402627
0.169641 0.430205
0.175168 0.430982
0.101277 0.488131
0.102728 0.502646
0.789443 0.262334
0.852604 0.489893
0.772334 0.682395
0.787212 0.698478
0.81252 0.657031
0.131294 0.488114
0.129668 0.485163
0.802223 0.635054
0.800741 0.71552
0.828194 0.673622
0.843089 0.635107
0.867701 0.582874
0.620821 0.58271
0.624187 0.578736
0.620449 0.577427
0.171893 0.466849
0.166926 0.466103
0.167908 0.464449
0.173095 0.463698
0.617641 0.580805
0.620252 0.5846
0.617074 0.583026
0.173963 0.467224
0.174863 0.463852
0.176836 0.463777
0.176972 0.466065
0.622713 0.58662
0.623581 0.584615
0.627535 0.580742
0.589369 0.594582
0.591525 0.59539
0.595463 0.590613
0.593223 0.589141
0.58785 0.592882
0.592949 0.586449
0.165807 0.465197
0.166425 0.465229
0.165882 0.466799
0.146 0.47444
0.144454 0.462305
0.146571 0.461789
0.148523 0.472982
0.602828 0.602238
0.602469 0.603831
0.122175 0.466145
0.603497 0.600447
0.589971 0.605967
0.590147 0.610704
0.140367 0.519298
0.138723 0.524964
0.129487 0.520137
0.60219 0.607792
0.602277 0.605207
0.590053 0.603431
0.155139 0.446345
0.153467 0.440115
0.156819 0.439362
0.157117 0.444812
0.170707 0.452281
0.167973 0.447048
0.173838 0.449263
0.170725 0.482753
0.167236 0.471755
0.171035 0.469486
0.173202 0.470992
0.1195 0.448893
0.117122 0.460346
0.114219 0.459663
0.116584 0.447365
0.586195 0.604614
0.584884 0.606497
0.167717 0.395948
0.162728 0.374933
0.177105 0.400674
0.12148 0.503791
0.119841 0.507324
0.118301 0.504705
0.120134 0.501321
0.152498 0.482205
0.154272 0.479734
0.15449 0.482386
0.15298 0.484696
0.585111 0.609774
0.603224 0.57508
0.604336 0.570586
0.593526 0.578528
0.593248 0.582888
0.602036 0.579051
0.609685 0.577108
0.611579 0.573168
0.61355 0.568708
0.079885 0.372002
0.100373 0.36792
0.082758 0.410666
0.071206 0.415476
0.136635 0.414551
0.14046 0.409517
0.167555 0.503813
0.168691 0.509508
0.15973 0.524467
0.16192 0.514516
0.585676 0.587324
0.587059 0.590707
0.615473 0.564518
0.605851 0.566318
0.112781 0.486667
0.115956 0.485171
0.593757 0.574953
0.58489 0.585342
0.579986 0.594846
0.583392 0.59364
0.606845 0.561903
0.607395 0.558943
0.593085 0.568997
0.593326 0.571358
0.143891 0.502148
0.137768 0.503899
0.141036 0.501496
0.144269 0.501055
0.157942 0.493738
0.15692 0.497164
0.153281 0.49572
0.154239 0.492572
0.617669 0.559836
0.618657 0.556448
0.167559 0.524009
0.153841 0.53766
0.638269 0.582255
0.642113 0.585364
0.646106 0.581556
0.116235 0.38223
0.644022 0.578574
0.676611 0.571168
0.681662 0.578555
0.692279 0.57344
0.161685 0.49945
0.158898 0.505998
0.155004 0.50135
0.182428 0.4192
0.178802 0.427464
0.145511 0.499814
0.146806 0.498153
0.150486 0.492425
0.148954 0.488973
0.685582 0.566507
0.138086 0.476747
0.134889 0.462173
0.711697 0.524783
0.693071 0.552724
0.701322 0.559063
0.634312 0.57959
0.631134 0.577046
0.630538 0.582823
0.633766 0.58625
0.640405 0.575426
0.636311 0.572698
0.627607 0.575167
0.631938 0.570488
0.627083 0.569172
0.623362 0.573874
0.61825 0.572383
0.091285 0.405461
0.12745 0.355243
0.616262 0.576571
0.621138 0.567755
0.630966 0.565091
0.624238 0.563484
0.636508 0.566538
0.641442 0.56929
0.646048 0.572456
0.650388 0.576026
0.652481 0.581003
0.653202 0.569565
0.661953 0.567757
0.65461 0.562736
0.647358 0.565863
0.658639 0.574156
0.668028 0.573558
0.151597 0.494415
0.151045 0.494754
0.151537 0.492658
0.152318 0.492064
0.641742 0.562859
0.646749 0.559214
0.638273 0.556895
0.635064 0.56102
0.143469 0.405418
0.140342 0.487287
0.144954 0.48531
0.144548 0.488507
0.627586 0.559022
0.630099 0.555227
0.120014 0.469379
0.11952 0.482929
0.117705 0.48383
0.117974 0.469632
0.60103 0.582653
0.601547 0.585579
0.607836 0.58322
0.607792 0.580865
0.613824 0.580182
0.155794 0.380475
0.153921 0.477972
0.155801 0.474848
0.613253 0.582441
0.608371 0.585714
0.608858 0.595982
0.610876 0.59572
0.613185 0.584938
0.151585 0.486208
0.152387 0.489511
0.602971 0.587835
0.60663 0.597002
0.597853 0.591954
0.182074 0.43683
0.604755 0.598589
0.593675 0.595782
0.60959 0.650317
0.609782 0.653721
0.623291 0.64998
0.621266 0.646631
0.940198 0.473328
0.941717 0.515026
0.954814 0.509723
0.62672 0.634207
0.629149 0.638316
0.636822 0.632162
0.633479 0.628707
0.62411 0.630195
0.12682 0.496465
0.125695 0.494972
0.128304 0.49548
0.129326 0.496811
0.131022 0.499687
0.130725 0.501248
0.128072 0.497957
0.147185 0.487129
0.146313 0.489547
0.629593 0.624753
0.617384 0.634586
0.153053 0.429013
0.148345 0.416555
0.127337 0.447673
0.132593 0.447971
0.107701 0.469174
0.107156 0.48733
0.104093 0.487621
0.105965 0.468379
0.618989 0.639365
0.620364 0.643831
0.623243 0.610213
0.621924 0.613739
0.095034 0.469291
0.086688 0.470289
0.177307 0.468733
0.179427 0.478817
0.152244 0.485379
0.152753 0.488652
0.11269 0.426725
0.125281 0.399326
0.116334 0.421189
0.126773 0.386764
0.13268 0.384281
0.130185 0.391694
0.624159 0.616778
0.626287 0.612167
0.624237 0.606726
0.627677 0.607573
0.613763 0.60731
0.613493 0.608818
0.612999 0.610472
0.137131 0.437484
0.131992 0.441625
0.613902 0.605946
0.164936 0.464566
0.163515 0.461586
0.165437 0.462594
0.133575 0.475439
0.131476 0.461645
0.152519 0.499924
0.613987 0.604688
0.161772 0.479427
0.163263 0.488052
0.147824 0.510009
0.149623 0.504591
0.151543 0.50274
0.152233 0.505835
0.164884 0.454495
0.16613 0.451324
0.168069 0.454079
0.614023 0.603477
0.614042 0.602252
0.704884 0.467959
0.71506 0.503416
0.132405 0.502326
0.132265 0.499317
0.105872 0.501131
0.718346 0.475276
0.625786 0.586908
0.144619 0.495427
0.143989 0.493156
0.628073 0.589723
0.103782 0.5486
0.112404 0.54095
0.116153 0.540323
0.117463 0.554329
0.624525 0.589034
0.141577 0.382098
0.135939 0.389594
0.133964 0.388806
0.137708 0.382847
0.158218 0.438982
0.158227 0.443897
0.626314 0.591851
0.123564 0.451261
0.12472 0.449144
0.122666 0.457921
0.121885 0.460781
0.630655 0.593375
0.638014 0.590149
0.619302 0.586771
0.613253 0.597093
0.613726 0.598335
0.1499 0.481921
0.150846 0.480761
0.106476 0.5251
0.112206 0.520501
0.118358 0.528565
0.112749 0.532131
0.109056 0.499326
0.62114 0.589013
0.616548 0.585438
0.612299 0.596173
0.61389 0.599641
0.613989 0.60095
0.144553 0.491062
0.143041 0.491038
0.622033 0.591282
0.145261 0.491917
0.623233 0.593892
0.627851 0.595228
0.154587 0.490677
0.15853 0.490555
0.145308 0.507906
0.136515 0.509412
0.137336 0.507935
0.144156 0.506192
0.624362 0.599188
0.624571 0.601471
0.628725 0.598126
0.149191 0.496841
0.629067 0.600946
0.624071 0.596774
0.027789 0.36946
0.026627 0.403186
0.624498 0.603907
0.628661 0.603948
0.64556 0.586568
0.639684 0.593254
0.645961 0.597584
0.652386 0.587694
0.14089 0.530784
0.129711 0.531843
0.129539 0.526641
0.137262 0.529517
0.130008 0.495838
0.66223 0.587471
0.661892 0.579842
0.659032 0.600032
0.671188 0.601764
0.123253 0.493362
0.15879 0.471568
0.160362 0.463408
0.673155 0.589137
0.671183 0.580956
0.632284 0.596411
0.164575 0.456905
0.164596 0.457182
0.164358 0.457185
0.164254 0.456866
0.633314 0.599519
0.649401 0.607973
0.163243 0.455395
0.161841 0.4537
0.163699 0.452054
0.163932 0.45468
0.657806 0.611827
0.64088 0.605832
0.636899 0.612221
0.643092 0.615417
0.164414 0.456134
0.164519 0.45653
0.164114 0.456425
0.164036 0.455935
0.649736 0.618365
0.63834 0.622042
0.134519 0.504169
0.131415 0.503692
0.64313 0.62549
0.633474 0.618563
0.632324 0.604167
0.121315 0.49369
0.120405 0.491017
0.125595 0.497283
0.124369 0.495498
0.630626 0.609444
0.628621 0.615007
0.626154 0.620744
0.178927 0.451378
0.176142 0.452936
0.175465 0.450129
0.120599 0.497018
0.119078 0.498847
0.162636 0.402109
0.162879 0.397099
0.306173 0.175609
0.260447 0.184716
0.271726 0.157314
0.320525 0.151226
0.147499 0.517437
0.146175 0.525177
0.621962 0.626056
0.620183 0.62171
0.616146 0.630314
0.164522 0.455689
0.164294 0.455593
0.164317 0.45458
0.165903 0.457346
0.164857 0.456939
0.614824 0.62556
0.611706 0.659848
0.627693 0.656201
0.614127 0.62169
0.610222 0.613525
0.608067 0.6141
0.608369 0.623222
0.163109 0.456245
0.590957 0.613732
0.592142 0.616797
0.164138 0.458549
0.164821 0.458956
0.164685 0.444351
0.161083 0.443786
0.163656 0.437341
0.164115 0.455504
0.150714 0.484181
0.602539 0.610682
0.602283 0.609196
0.586891 0.613965
0.589288 0.617568
0.161263 0.457448
0.15713 0.455048
0.157925 0.451804
0.161233 0.45544
0.139986 0.430014
0.141013 0.434082
0.152708 0.448331
0.149413 0.442856
0.156841 0.477939
0.158598 0.484661
0.164859 0.465746
0.161973 0.459579
0.157665 0.458528
0.165654 0.458178
0.167563 0.46027
0.166721 0.461394
0.165376 0.458683
0.140795 0.492391
0.154283 0.522091
0.153858 0.512492
0.098862 0.56513
0.079974 0.536981
0.092782 0.540463
0.163289 0.457152
0.164646 0.457376
0.164823 0.45743
0.126135 0.441577
0.162696 0.434514
0.154613 0.486999
0.109627 0.458019
0.112192 0.445413
0.152968 0.488039
0.152871 0.490109
0.159548 0.443839
0.160321 0.438074
0.152726 0.490804
0.174386 0.452582
0.132418 0.490114
0.597986 0.621892
0.604122 0.613375
0.129219 0.401521
0.134055 0.395454
0.603082 0.612132
0.164841 0.457225
0.595131 0.619368
0.164574 0.452586
0.163604 0.457993
0.595608 0.625378
0.591747 0.620938
0.608193 0.627519
0.171104 0.458461
0.17127 0.455239
0.174598 0.456333
0.967415 0.627599
0.969915 0.597156
0.145959 0.444638
0.149789 0.451552
0.147044 0.453862
0.142286 0.446903
0.115504 0.433332
0.120239 0.421543
0.1242 0.423441
0.119883 0.435109
0.951869 0.602418
0.94917 0.629601
0.101369 0.592903
0.112268 0.571927
0.117596 0.610444
0.115119 0.510478
0.112914 0.507447
0.116908 0.502055
0.135412 0.546105
0.121368 0.538391
0.130077 0.537561
0.112362 0.470085
0.618467 0.618403
0.61188 0.612203
0.935769 0.634601
0.933662 0.653654
0.944497 0.655175
0.910245 0.284814
0.931401 0.257462
0.170221 0.493284
0.163228 0.493474
0.580865 0.613953
0.109688 0.428185
0.584545 0.618598
0.142103 0.44105
0.137258 0.443751
0.127244 0.507464
0.132572 0.507788
0.578615 0.609968
0.575111 0.612782
0.577721 0.617494
0.581432 0.622873
0.588887 0.622919
0.586903 0.627316
0.593472 0.633083
0.594078 0.62819
0.608236 0.632113
0.6087 0.636571
0.591943 0.638043
0.584901 0.632138
0.590113 0.643481
0.583111 0.638455
0.609321 0.646571
0.609219 0.64158
0.582085 0.598236
0.576821 0.602548
0.584586 0.599055
0.579988 0.603322
0.588547 0.600099
0.578919 0.605626
0.573563 0.60692
0.454855 0.159803
0.456642 0.142801
0.590984 0.599951
0.574563 0.620965
0.569919 0.615546
0.570513 0.627714
0.56735 0.619671
0.574783 0.635192
0.578064 0.627607
0.567821 0.609808
0.569461 0.60571
0.56482 0.61183
0.566433 0.606581
0.583094 0.583056
0.581892 0.581599
0.576582 0.594195
0.574286 0.594011
0.60774 0.555933
0.619552 0.552929
0.6081 0.552583
0.480021 0.504624
0.479636 0.50441
0.479906 0.504099
0.480006 0.504149
0.621038 0.548656
0.591798 0.564591
0.592682 0.566585
0.62336 0.140133
0.669444 0.564513
0.676801 0.559572
0.667279 0.553935
0.660996 0.559305
0.651873 0.55506
0.478947 0.498856
0.479362 0.500914
0.478466 0.501355
0.476979 0.499827
0.656382 0.549525
0.644927 0.547206
0.64163 0.552313
0.632092 0.551231
0.634048 0.546276
0.685811 0.586527
0.688251 0.599122
0.697529 0.58188
0.701389 0.596194
0.564925 0.633617
0.480131 0.503895
0.480761 0.503949
0.480651 0.504547
0.480085 0.504064
0.563943 0.624463
0.558059 0.638233
0.558152 0.628565
0.559424 0.649226
0.567246 0.644244
0.561728 0.614173
0.563594 0.607429
0.557708 0.61697
0.560378 0.607815
0.580395 0.580325
0.57899 0.578766
0.572042 0.593431
0.569248 0.592983
0.937915 0.440042
0.940933 0.548837
0.657002 0.667209
0.647816 0.658559
0.634105 0.666604
0.640877 0.678015
0.668154 0.675497
0.68122 0.659993
0.669998 0.654597
0.659318 0.648863
0.688575 0.612696
0.677179 0.613209
0.675006 0.626496
0.685173 0.626475
0.70098 0.61101
0.697171 0.62711
0.678244 0.640655
0.667601 0.637631
0.690573 0.643419
0.579974 0.670936
0.583353 0.662647
0.575217 0.651355
0.569947 0.656791
0.574124 0.677771
0.562593 0.661933
0.618691 0.68529
0.616235 0.67283
0.588936 0.647679
0.584139 0.644258
0.588053 0.650969
0.58213 0.645108
0.912058 0.689267
0.89495 0.709852
0.907357 0.733069
0.926279 0.70692
0.630774 0.640755
0.634069 0.644
0.643468 0.637218
0.639461 0.634378
0.647184 0.627875
0.652118 0.630403
0.659121 0.622906
0.654247 0.621616
0.659657 0.615772
0.665029 0.615081
0.581755 0.650305
0.58689 0.65487
0.937403 0.610412
0.663098 0.760932
0.697435 0.743748
0.683356 0.734852
0.63967 0.649566
0.650134 0.64177
0.658855 0.633603
0.66577 0.625329
0.670031 0.618552
0.807268 0.445544
0.81021 0.446784
0.895254 0.468654
0.899227 0.487547
0.901599 0.500491
0.849388 0.503147
0.855346 0.505082
0.86238 0.433351
0.85537 0.427298
0.125146 0.509968
0.863027 0.435676
0.868671 0.4977
0.86993 0.495686
0.870823 0.495902
0.928731 0.3702
0.934982 0.410495
0.871113 0.493388
0.813714 0.458141
0.893447 0.467841
0.889009 0.467807
0.884949 0.4575
0.886046 0.457249
0.882261 0.445038
0.883165 0.445363
0.866689 0.44245
0.869403 0.451247
0.857741 0.505
0.855624 0.50639
0.858772 0.505629
0.816356 0.4564
0.846518 0.499773
0.843253 0.497798
0.843983 0.497553
0.825122 0.462901
0.826094 0.464213
0.822714 0.461454
0.818606 0.460085
0.825316 0.448901
0.828335 0.448233
0.828108 0.44601
0.869775 0.513306
0.841661 0.497002
0.84258 0.500445
0.844807 0.501959
0.859927 0.506638
0.84646 0.502961
0.846308 0.501544
0.84939 0.504553
0.846301 0.500559
0.845951 0.457128
0.84299 0.456347
0.814213 0.500474
0.816892 0.493808
0.851078 0.425043
0.893818 0.522483
0.896074 0.529959
0.871495 0.460942
0.852838 0.445365
0.848287 0.442841
0.856934 0.448765
0.859945 0.454421
0.841466 0.483081
0.857758 0.487913
0.859013 0.48465
0.855113 0.488739
0.890411 0.539287
0.884227 0.537732
0.889552 0.525322
0.884363 0.532713
0.822864 0.45326
0.831996 0.445359
0.83266 0.448714
0.834025 0.445028
0.835482 0.447027
0.837477 0.449665
0.839064 0.452887
0.839266 0.456671
0.824334 0.458283
0.845799 0.532056
0.82411 0.456095
0.823787 0.461097
0.822721 0.458698
0.822403 0.455957
0.8384 0.433958
0.84151 0.438158
0.835578 0.435477
0.844662 0.440691
0.83333 0.436734
0.890763 0.525173
0.889118 0.533454
0.803765 0.454062
0.732541 0.489889
0.746934 0.525283
0.508508 0.412683
0.508097 0.411771
0.690596 0.462505
0.674902 0.459042
0.568586 0.388067
0.562644 0.382925
0.551217 0.387898
0.558542 0.392259
0.527621 0.400626
0.525828 0.40499
0.532344 0.403463
0.533212 0.396957
0.595072 0.441683
0.607875 0.448149
0.61653 0.431486
0.604171 0.426149
0.510405 0.414236
0.510772 0.415369
0.51382 0.415534
0.513157 0.414386
0.50992 0.412702
0.512562 0.412577
0.508982 0.414272
0.50934 0.415427
0.609313 0.355157
0.596617 0.36366
0.600915 0.376482
0.614056 0.37165
0.588878 0.478079
0.599593 0.462834
0.588711 0.456282
0.579262 0.47249
0.567633 0.489816
0.57661 0.494439
0.555587 0.516867
0.551629 0.507151
0.54146 0.50815
0.546374 0.512126
0.542242 0.495094
0.555576 0.499506
0.533546 0.491803
0.473892 0.501702
0.47707 0.502411
0.476271 0.504514
0.472945 0.505855
0.528193 0.494658
0.547982 0.492008
0.48766 0.505616
0.484751 0.507266
0.484833 0.50382
0.486651 0.501775
0.55482 0.487678
0.539318 0.489023
0.519136 0.498251
0.527162 0.499287
0.482675 0.508687
0.482669 0.512447
0.47955 0.51242
0.480389 0.508903
0.481245 0.50274
0.482274 0.501522
0.482508 0.504076
0.478183 0.503841
0.478386 0.502903
0.479398 0.503552
0.479343 0.503869
0.528992 0.506912
0.503748 0.504458
0.504635 0.508423
0.530723 0.594725
0.541892 0.590368
0.529936 0.585635
0.541731 0.58161
0.521665 0.513111
0.531686 0.516832
0.515322 0.515574
0.522088 0.521893
0.510639 0.646052
0.50217 0.493027
0.503545 0.490605
0.500245 0.4979
0.958163 0.683154
0.948547 0.713584
0.909457 0.776219
0.888892 0.810067
0.510348 0.455822
0.511111 0.459534
0.508429 0.429012
0.503397 0.432709
0.504114 0.438864
0.510266 0.435417
0.514408 0.430152
0.511441 0.424242
0.507072 0.426047
0.502668 0.429395
0.515806 0.440655
0.507452 0.445185
0.509151 0.448815
0.519491 0.443818
0.566053 0.47333
0.550678 0.479113
0.533357 0.482286
0.519424 0.482924
0.516445 0.488326
0.526672 0.488971
0.513983 0.490628
0.522566 0.491348
0.519208 0.49384
0.515422 0.497172
0.511739 0.496967
0.511436 0.498715
0.512115 0.49298
0.506955 0.556829
0.507138 0.56835
0.526418 0.460599
0.511591 0.463957
0.51088 0.472508
0.526393 0.470827
0.542674 0.466048
0.541686 0.452855
0.505197 0.488105
0.524935 0.455792
0.522702 0.452061
0.539225 0.447545
0.535487 0.444197
0.55591 0.440236
0.560008 0.455333
0.579286 0.440476
0.568941 0.424675
0.601352 0.390783
0.577791 0.384208
0.578795 0.392815
0.577962 0.401685
0.598814 0.4059
0.614196 0.389666
0.610985 0.408415
0.591853 0.421981
0.575506 0.411629
0.569231 0.394169
0.559107 0.395101
0.56814 0.401424
0.558153 0.401767
0.566482 0.409114
0.557248 0.408636
0.556224 0.417727
0.563991 0.419177
0.529265 0.410116
0.530182 0.416044
0.538944 0.416983
0.537214 0.409458
0.526788 0.408573
0.535378 0.40527
0.514804 0.416911
0.515662 0.418857
0.275629 0.212786
0.237492 0.220504
0.523558 0.407959
0.528917 0.405202
0.544497 0.397804
0.546305 0.401817
0.547091 0.408584
0.547339 0.416702
0.53149 0.44096
0.544932 0.433189
0.538877 0.430268
0.526373 0.436745
0.532429 0.428046
0.509637 0.422161
0.52117 0.434825
0.512304 0.419513
0.510564 0.418688
0.516249 0.423275
0.511303 0.41642
0.511745 0.417312
0.509763 0.41651
0.510192 0.417292
0.52625 0.426483
0.551165 0.435415
0.521241 0.448284
0.509893 0.452544
0.372388 0.532676
0.374032 0.527031
0.387708 0.536462
0.385766 0.540719
0.504671 0.536218
0.506382 0.54628
0.54216 0.391215
0.534131 0.127411
0.175714 0.460212
0.17751 0.461653
0.110742 0.503755
0.572917 0.377375
0.509192 0.411594
0.512456 0.41052
0.598586 0.340764
0.581844 0.328914
0.573557 0.340643
0.587537 0.351649
0.556818 0.358955
0.565741 0.369285
0.127065 0.499249
0.555452 0.373888
0.547575 0.364595
0.539348 0.370736
0.545776 0.378739
0.522995 0.388556
0.516244 0.382517
0.508141 0.399056
0.511446 0.403299
0.512433 0.408124
0.526487 0.397253
0.117247 0.513351
0.121708 0.519615
0.12022 0.524028
0.114955 0.51707
0.527872 0.382313
0.531879 0.39052
0.51974 0.376361
0.576388 0.132918
0.53876 0.383815
0.532609 0.376887
0.523723 0.370777
0.529186 0.363661
0.53536 0.35577
0.542545 0.348792
0.555904 0.330797
0.56001 0.318855
0.536257 0.32424
0.538715 0.313464
0.527186 0.342028
0.521866 0.350561
0.517897 0.358633
0.514715 0.366086
0.507223 0.483405
0.508811 0.497471
0.505238 0.500152
0.506998 0.511702
0.499339 0.502612
0.511587 0.5154
0.508346 0.515004
0.509918 0.518874
0.513281 0.519556
0.50568 0.515289
0.507926 0.519037
0.499857 0.515396
0.500919 0.521205
0.50294 0.529452
0.501516 0.524429
0.510898 0.522111
0.515682 0.525436
0.123336 0.501475
0.520906 0.532412
0.53052 0.528431
0.734644 0.921134
0.512053 0.37157
0.508839 0.377906
0.160491 0.429626
0.136948 0.485503
0.503173 0.407559
0.504859 0.404679
0.501592 0.402876
0.125089 0.523227
0.126092 0.516617
0.500453 0.406198
0.502742 0.376614
0.120883 0.469538
0.121831 0.499314
0.123957 0.498119
0.142624 0.513239
0.144874 0.457728
0.136106 0.455355
0.138784 0.45006
0.145754 0.45528
0.151897 0.479557
0.499975 0.395274
0.503897 0.396345
0.503805 0.369681
0.505405 0.363885
0.507392 0.356351
0.49876 0.402038
0.498151 0.405557
0.18694 0.436927
0.508756 0.410283
0.142102 0.419351
0.13806 0.422596
0.048239 0.364844
0.044804 0.398632
0.115667 0.470012
0.507332 0.41084
0.507281 0.407375
0.505628 0.409176
0.518283 0.310595
0.516556 0.320179
0.509662 0.347234
0.512286 0.337764
0.929285 0.745773
0.762615 0.728409
0.746327 0.721236
0.134091 0.502519
0.716922 0.750097
0.733657 0.756547
0.777683 0.738507
0.750203 0.764327
0.829469 0.821333
0.793385 0.840092
0.756593 0.892816
0.86135 0.806737
0.881142 0.761088
0.847206 0.786251
0.812081 0.808772
0.155566 0.428985
0.154581 0.415071
0.159172 0.413941
0.143449 0.491888
0.92804 0.221479
0.939129 0.575464
0.77661 0.8258
0.75537 0.850882
0.720721 0.851737
0.744264 0.829296
0.708212 0.900978
0.677667 0.927363
0.971919 0.496814
0.507264 0.580003
0.896755 0.321851
0.866272 0.315934
0.760141 0.167745
0.868375 0.385023
0.870889 0.385338
0.816383 0.266551
0.836203 0.309847
0.919091 0.325182
0.885073 0.437078
0.888007 0.44728
0.882567 0.436728
0.885539 0.447508
0.889706 0.457633
0.880137 0.433566
0.877254 0.53547
0.870825 0.532831
0.107803 0.42942
0.105305 0.435312
0.85731 0.380915
0.861605 0.381166
0.164438 0.457363
0.859359 0.379283
0.856067 0.378506
0.853467 0.379892
0.853289 0.378041
0.853798 0.589267
0.861742 0.372864
0.869605 0.382552
0.865324 0.38115
0.861451 0.377472
0.855772 0.375851
0.851133 0.375626
0.849921 0.378538
0.117889 0.420741
0.127342 0.40046
0.199574 0.227939
0.16554 0.237832
0.182088 0.205547
0.217787 0.194349
0.185766 0.474706
0.183433 0.456136
0.185966 0.452887
0.879292 0.432912
0.860547 0.393759
0.393102 0.177156
0.412111 0.151479
0.892414 0.516296
0.894923 0.511104
0.889327 0.50827
0.886713 0.512933
0.927244 0.444976
0.930377 0.477399
0.958748 0.231354
0.961043 0.267168
0.910789 0.567847
0.889853 0.520964
0.884307 0.51676
0.891717 0.457641
0.891955 0.521636
0.894604 0.516829
0.881013 0.513805
0.883579 0.510282
0.885984 0.506148
0.897327 0.511008
0.195407 0.436588
0.211131 0.438388
0.209227 0.487046
0.197752 0.465227
0.895759 0.535702
0.873903 0.640989
0.8913 0.622943
0.871162 0.677372
0.889781 0.659102
0.908048 0.639864
0.910038 0.601245
0.880799 0.536163
0.869393 0.527736
0.782755 0.752257
0.805886 0.729645
0.752965 0.777233
0.758499 0.78739
0.78762 0.765824
0.819717 0.731913
0.858718 0.6261
0.854055 0.65937
0.838881 0.683261
0.25978 0.625505
0.247218 0.622931
0.247937 0.586554
0.258273 0.595016
0.849757 0.698009
0.819481 0.752818
0.845681 0.722403
0.822423 0.775991
0.848132 0.752101
0.873191 0.733015
0.86882 0.702788
0.792308 0.777292
0.762704 0.798304
0.793752 0.796129
0.767442 0.808817
0.826779 0.691096
0.837432 0.353794
0.823396 0.360326
0.426422 0.807363
0.463324 0.810986
0.460836 0.828084
0.420582 0.823809
0.803885 0.407752
0.041438 0.429023
0.039515 0.465368
0.024268 0.462301
0.02541 0.430852
0.753802 0.495517
0.764466 0.54333
0.772308 0.507639
0.766255 0.458449
0.388712 0.874477
0.438369 0.885525
0.415288 0.904106
0.363898 0.889133
0.30452 0.515275
0.30364 0.492758
0.317494 0.493436
0.3177 0.514819
0.773649 0.592049
0.783086 0.555325
0.793765 0.599501
0.777104 0.638269
0.923271 0.621656
0.924002 0.586949
0.154579 0.403512
0.157559 0.403132
0.92719 0.559531
0.673244 0.725044
0.374813 0.919108
0.328934 0.90018
0.96333 0.658076
0.679911 0.770766
0.924428 0.665299
0.986328 0.271484
0.938308 0.676322
0.889742 0.684185
0.906951 0.664799
0.923245 0.644506
0.930272 0.522736
0.729477 0.822526
0.714263 0.607027
0.714002 0.587146
0.710965 0.627794
0.70854 0.56811
0.557819 0.572631
0.556184 0.566259
0.554907 0.557706
0.569882 0.552118
0.56741 0.542768
0.541304 0.563711
0.541673 0.572517
0.552834 0.550107
0.550708 0.540023
0.542384 0.552612
0.563006 0.495411
0.569573 0.508144
0.56088 0.52514
0.579948 0.528232
0.575773 0.519132
0.564701 0.534777
0.584293 0.537043
0.547154 0.528836
0.539218 0.520125
0.543654 0.539955
0.527839 0.542455
0.529295 0.554604
0.571707 0.558377
0.587409 0.542803
0.585597 0.503678
0.598489 0.487734
0.593609 0.513869
0.605805 0.500095
0.598275 0.522763
0.611453 0.509405
0.609713 0.472319
0.619233 0.456856
0.628822 0.438314
0.630345 0.467897
0.641231 0.448493
0.639124 0.479975
0.651839 0.461828
0.447728 0.595421
0.443995 0.600998
0.431841 0.585484
0.433835 0.579215
0.472306 0.755271
0.468951 0.772473
0.439178 0.770765
0.445251 0.754348
0.618592 0.484563
0.625626 0.494808
0.616449 0.518158
0.602181 0.530195
0.646443 0.511842
0.644504 0.495026
0.630504 0.506987
0.633635 0.518804
0.659743 0.479658
0.660822 0.502336
0.661547 0.519412
0.609006 0.547667
0.592019 0.560426
0.62264 0.542517
0.647505 0.522944
0.634697 0.526689
0.68347 0.547308
0.672806 0.542921
0.648242 0.539062
0.635889 0.539468
0.661263 0.540345
0.577554 0.575786
0.565456 0.591675
0.846312 0.275881
0.5288 0.565557
0.52913 0.575825
0.55229 0.664245
0.548903 0.651875
0.524105 0.648034
0.561314 0.681738
0.556113 0.605785
0.417085 0.568824
0.418941 0.564213
0.55128 0.618398
0.548789 0.630162
0.547808 0.640473
0.458189 0.844527
0.414545 0.839484
0.159468 0.862644
0.189637 0.877332
0.195576 0.903893
0.14325 0.871607
0.59442 0.720196
0.583199 0.707776
0.726896 0.716572
0.747076 0.687839
0.676367 0.687001
0.691977 0.669071
0.703771 0.648991
0.758679 0.652398
0.760912 0.611485
0.756318 0.568753
0.071181 0.475285
0.07933 0.469524
0.074911 0.508701
0.069036 0.522058
0.705631 0.790142
0.340867 0.188907
0.360617 0.160631
0.986328 0.236328
0.710324 0.803118
0.693924 0.779829
0.698215 0.846391
0.681569 0.83701
0.718486 0.813747
0.671969 0.823394
0.667754 0.8074
0.654052 0.797833
0.641391 0.786875
0.628274 0.773483
0.881084 0.281512
0.512759 0.504025
0.51268 0.504062
0.298435 0.704796
0.286462 0.713157
0.267123 0.687771
0.280797 0.682236
0.51271 0.503911
0.512631 0.503933
0.51262 0.503757
0.512004 0.500921
0.512182 0.502386
0.512488 0.503438
0.812037 0.382048
0.477842 0.721253
0.45449 0.7218
0.460166 0.703687
0.479929 0.70154
0.26162 0.564847
0.253594 0.550221
0.265661 0.516952
0.271501 0.535961
0.292582 0.51884
0.290347 0.496211
0.433093 0.788766
0.466232 0.791627
0.253407 0.657241
0.26739 0.655371
0.459101 0.6033
0.452509 0.609819
0.463967 0.623579
0.482736 0.616041
0.483142 0.632332
0.468342 0.635878
0.382516 0.747042
0.374469 0.760661
0.343639 0.750744
0.352171 0.738389
0.404392 0.857625
0.450491 0.865387
0.482293 0.672728
0.467171 0.675155
0.468449 0.660177
0.48207 0.658839
0.403055 0.549017
0.401585 0.553433
0.144984 0.370718
0.147331 0.37707
0.185586 0.525446
0.193909 0.4948
0.202288 0.526556
0.19082 0.565529
0.177875 0.59843
0.165886 0.619217
0.15879 0.572951
0.174423 0.553098
0.150865 0.214208
0.134674 0.244184
0.484258 0.602091
0.485203 0.590548
0.023692 0.560366
0.023082 0.531264
0.038944 0.539523
0.040481 0.566151
0.076371 0.440113
0.081853 0.435434
0.478943 0.505439
0.47993 0.503841
0.479709 0.5033
0.479901 0.503736
0.477911 0.507827
0.475967 0.510807
0.479141 0.502293
0.479517 0.502171
0.479833 0.503349
0.47988 0.50397
0.493519 0.507528
0.493248 0.512751
0.487875 0.513152
0.489026 0.50869
0.480146 0.503779
0.480451 0.503519
0.482467 0.505594
0.480368 0.504686
0.48005 0.504114
0.481392 0.506198
0.48307 0.499259
0.48013 0.506166
0.145774 0.438573
0.218894 0.268486
0.185748 0.31488
0.174599 0.309287
0.201964 0.262337
0.140573 0.490034
0.221921 0.681919
0.207008 0.698082
0.18182 0.656863
0.19196 0.634821
0.193887 0.715564
0.166293 0.673633
0.151279 0.635159
0.12643 0.58294
0.372214 0.582504
0.368867 0.578555
0.372589 0.577261
0.375378 0.580615
0.372792 0.584392
0.375955 0.582837
0.370353 0.586399
0.369475 0.584399
0.365542 0.580551
0.4038 0.594576
0.401639 0.595379
0.397667 0.590555
0.399902 0.589095
0.40533 0.59289
0.400197 0.586433
0.390352 0.602162
0.390743 0.603762
0.389659 0.600365
0.403293 0.606024
0.4032 0.610764
0.391133 0.607729
0.390971 0.605142
0.403174 0.603478
0.407057 0.604657
0.408396 0.606542
0.408219 0.609822
0.389877 0.575043
0.388794 0.570586
0.39965 0.578571
0.399914 0.582902
0.391041 0.578972
0.38337 0.577
0.381507 0.573095
0.379569 0.568668
0.407517 0.587359
0.406127 0.590726
0.377681 0.564511
0.387308 0.566354
0.399435 0.575028
0.408312 0.585397
0.413222 0.59487
0.409809 0.593665
0.386347 0.561974
0.385817 0.559051
0.400133 0.569132
0.399883 0.571468
0.375524 0.55986
0.374564 0.556491
0.354885 0.582077
0.351085 0.58519
0.347101 0.581401
0.349159 0.578424
0.316667 0.571084
0.311704 0.578488
0.30107 0.573398
0.307677 0.56646
0.281467 0.524706
0.300146 0.552713
0.291941 0.559036
0.358809 0.579416
0.361961 0.576878
0.362564 0.582629
0.359371 0.586049
0.352744 0.575281
0.356808 0.572557
0.365466 0.575008
0.361159 0.570356
0.366003 0.569057
0.369698 0.573732
0.374813 0.572274
0.376775 0.576425
0.371953 0.567674
0.362143 0.564996
0.36888 0.56343
0.356613 0.566427
0.351701 0.56917
0.347127 0.572334
0.342824 0.575902
0.340761 0.580867
0.340004 0.569468
0.331272 0.567665
0.338597 0.562636
0.345809 0.565765
0.334612 0.574059
0.325225 0.573451
0.351403 0.562768
0.34645 0.559125
0.354918 0.556834
0.358069 0.560944
0.365562 0.558993
0.3631 0.555225
0.392024 0.582528
0.391532 0.585462
0.385208 0.583077
0.385231 0.580717
0.37919 0.580004
0.379776 0.58227
0.384692 0.585576
0.384255 0.595883
0.382227 0.595612
0.379858 0.584775
0.390122 0.587723
0.386498 0.59691
0.395275 0.591881
0.388385 0.598503
0.399481 0.595757
0.384009 0.650371
0.383849 0.653822
0.370444 0.650002
0.372418 0.646619
0.053832 0.472626
0.052243 0.51409
0.039223 0.509364
0.366854 0.634099
0.364481 0.638233
0.356777 0.632041
0.360063 0.628566
0.369411 0.630062
0.363893 0.624594
0.376155 0.634478
0.374597 0.639285
0.373267 0.643783
0.370129 0.609984
0.371482 0.613538
0.369251 0.616591
0.367084 0.611957
0.369092 0.606473
0.365645 0.607344
0.379607 0.607136
0.379903 0.608653
0.380418 0.610319
0.379437 0.605768
0.379321 0.604508
0.379223 0.603302
0.379174 0.602081
0.287787 0.467935
0.277956 0.503372
0.274395 0.475257
0.367294 0.586687
0.36504 0.5895
0.368567 0.588804
0.366813 0.591615
0.362503 0.593148
0.35518 0.589953
0.373746 0.58656
0.379863 0.596958
0.37941 0.598187
0.371931 0.588782
0.376491 0.585252
0.380806 0.596052
0.379271 0.599484
0.379198 0.600785
0.371066 0.591035
0.369901 0.593632
0.365319 0.594987
0.368856 0.598914
0.368674 0.6012
0.364482 0.597886
0.364176 0.600707
0.369104 0.596505
0.368789 0.60364
0.364617 0.603712
0.347666 0.5864
0.353534 0.593059
0.347343 0.597409
0.340883 0.587537
0.331097 0.587343
0.331398 0.579735
0.334374 0.599886
0.322219 0.601654
0.320193 0.589053
0.322123 0.580871
0.360907 0.596191
0.359913 0.599303
0.344013 0.607807
0.335686 0.611681
0.352463 0.60564
0.35649 0.612031
0.350358 0.615245
0.343779 0.618211
0.355156 0.621879
0.350423 0.625343
0.359965 0.618383
0.360949 0.603952
0.362705 0.609234
0.364761 0.614814
0.367272 0.620571
0.371501 0.625902
0.373263 0.621549
0.377343 0.630179
0.378642 0.625426
0.381959 0.659977
0.366088 0.656254
0.379324 0.621554
0.383208 0.613401
0.385361 0.613987
0.38509 0.623118
0.402424 0.613783
0.40127 0.616828
0.390849 0.61061
0.391074 0.609131
0.406473 0.614008
0.404107 0.617599
0.395466 0.621857
0.389303 0.613284
0.390329 0.612052
0.398305 0.619366
0.397842 0.625348
0.401672 0.620946
0.385281 0.627419
0.028156 0.627357
0.025586 0.596907
0.043123 0.6019
0.045959 0.629138
0.374968 0.618238
0.381547 0.612064
0.059194 0.634011
0.061406 0.653167
0.050725 0.654777
0.084193 0.284621
0.06358 0.257415
0.412484 0.613994
0.408838 0.618629
0.414702 0.610018
0.418189 0.612816
0.415611 0.617534
0.411931 0.622914
0.40453 0.622931
0.406501 0.627344
0.399986 0.633084
0.399384 0.628165
0.385261 0.632016
0.384822 0.636509
0.401506 0.638069
0.40849 0.632183
0.403325 0.643529
0.410275 0.638515
0.384248 0.646582
0.384327 0.641554
0.411137 0.598264
0.416436 0.602583
0.408636 0.599075
0.413273 0.603359
0.404663 0.600124
0.414361 0.605675
0.419711 0.606956
0.402208 0.599973
0.418752 0.621002
0.423363 0.615564
0.422811 0.627793
0.42594 0.619701
0.4186 0.635332
0.415283 0.627655
0.42544 0.609828
0.423797 0.605738
0.428479 0.611872
0.426856 0.606609
0.410116 0.583134
0.411329 0.581702
0.416623 0.59422
0.418915 0.594053
0.385444 0.556035
0.373634 0.552961
0.385091 0.552709
0.372148 0.548689
0.401369 0.564686
0.400517 0.566703
0.368669 0.140106
0.323811 0.564428
0.316416 0.55954
0.325888 0.553878
0.332202 0.559229
0.341321 0.554983
0.336758 0.549494
0.348209 0.547174
0.351547 0.552262
0.361051 0.551214
0.359074 0.546273
0.307561 0.586409
0.305282 0.599058
0.295917 0.581843
0.292214 0.596189
0.428414 0.633725
0.42935 0.624527
0.435293 0.638413
0.435177 0.628717
0.433932 0.649404
0.426131 0.644382
0.431587 0.614251
0.429706 0.607443
0.435631 0.617129
0.432935 0.607835
0.412827 0.580444
0.41423 0.578911
0.421145 0.593451
0.423936 0.59301
0.05626 0.439487
0.053268 0.547849
0.336934 0.667208
0.346023 0.658566
0.359693 0.666658
0.353019 0.678134
0.326024 0.675603
0.312844 0.660001
0.323928 0.654556
0.334525 0.648816
0.305072 0.612631
0.31643 0.613134
0.318697 0.62642
0.308577 0.626462
0.292703 0.611015
0.296667 0.627112
0.315631 0.640629
0.32621 0.637561
0.303367 0.643423
0.413433 0.671154
0.410092 0.662818
0.418169 0.65147
0.423433 0.656946
0.419291 0.678031
0.430767 0.662123
0.375075 0.685573
0.377431 0.673011
0.404495 0.647751
0.409257 0.644332
0.405374 0.651069
0.411257 0.645191
0.083085 0.688973
0.100315 0.70957
0.088339 0.733007
0.069192 0.706811
0.362916 0.640696
0.359676 0.643967
0.350247 0.637137
0.354199 0.634275
0.346427 0.627743
0.341549 0.630293
0.334495 0.622778
0.339322 0.621474
0.333884 0.615635
0.328541 0.61495
0.411643 0.650403
0.40654 0.654994
0.057367 0.609682
0.332479 0.762948
0.299425 0.74483
0.31263 0.735829
0.354126 0.649562
0.343634 0.641721
0.334862 0.633516
0.327897 0.625219
0.323594 0.618441
0.185196 0.445659
0.182288 0.446891
0.098124 0.468502
0.094372 0.487453
0.092151 0.500433
0.143864 0.503317
0.138008 0.505171
0.130264 0.433438
0.137128 0.427456
0.129647 0.435799
0.124742 0.497805
0.123479 0.495803
0.122603 0.496014
0.065654 0.369858
0.059317 0.410018
0.12229 0.493517
0.178908 0.458246
0.099882 0.467726
0.10429 0.467705
0.10822 0.457424
0.107147 0.45713
0.110751 0.444963
0.109879 0.445237
0.126091 0.442541
0.123508 0.451316
0.135636 0.505098
0.137753 0.506484
0.134624 0.505731
0.176267 0.456514
0.146684 0.499924
0.149918 0.497974
0.149188 0.497715
0.167616 0.463035
0.166663 0.464351
0.169994 0.461584
0.174068 0.460199
0.167278 0.449027
0.164271 0.44836
0.164469 0.446136
0.123792 0.513398
0.151494 0.497178
0.150617 0.500626
0.148416 0.502146
0.133499 0.506742
0.146783 0.503145
0.146918 0.501723
0.143882 0.504737
0.146911 0.500723
0.146831 0.457277
0.149765 0.456493
0.178832 0.500669
0.176112 0.49395
0.141384 0.425168
0.099999 0.52252
0.097803 0.529978
0.12155 0.461007
0.139862 0.445504
0.144356 0.442975
0.13583 0.448912
0.132895 0.454569
0.151563 0.483246
0.135445 0.488063
0.134177 0.484805
0.138075 0.488885
0.103493 0.53934
0.109626 0.53779
0.104249 0.52537
0.109465 0.532777
0.169759 0.453391
0.160596 0.445488
0.15997 0.448843
0.158575 0.44516
0.157146 0.447159
0.155185 0.4498
0.153639 0.453027
0.153474 0.456812
0.168348 0.458418
0.147704 0.532208
0.168548 0.456226
0.168923 0.461229
0.169957 0.458827
0.170244 0.456086
0.154105 0.434078
0.151055 0.438284
0.156925 0.435596
0.147943 0.440821
0.159176 0.436854
0.103062 0.525209
0.104744 0.533503
0.188755 0.454234
0.260358 0.489907
0.246263 0.525137
0.482829 0.411169
0.483123 0.41037
0.301986 0.462515
0.317621 0.459099
0.423113 0.387854
0.428993 0.382675
0.440434 0.387549
0.433181 0.391965
0.463984 0.399967
0.465902 0.40429
0.459393 0.402868
0.458403 0.396408
0.397253 0.441707
0.384485 0.448204
0.375651 0.43156
0.38795 0.426198
0.481306 0.412817
0.481147 0.413962
0.478105 0.414644
0.478652 0.413424
0.481552 0.411353
0.479056 0.411596
0.482554 0.412565
0.482465 0.413664
0.382211 0.35512
0.394955 0.363596
0.390772 0.376436
0.37761 0.371613
0.403728 0.478088
0.392853 0.462862
0.403693 0.456273
0.413287 0.472458
0.425142 0.489789
0.416179 0.494425
0.437469 0.51684
0.441499 0.507111
0.451977 0.508148
0.446834 0.512106
0.450915 0.494975
0.437452 0.499492
0.459206 0.491692
0.46459 0.494566
0.444983 0.491922
0.437962 0.487618
0.453383 0.488899
0.473547 0.498214
0.466132 0.499263
0.465466 0.506822
0.488921 0.504467
0.488035 0.508773
0.462471 0.594793
0.451328 0.590484
0.463236 0.585706
0.451469 0.581726
0.471479 0.512985
0.461531 0.516825
0.477475 0.515566
0.470836 0.521907
0.48264 0.646082
0.490343 0.492994
0.488942 0.49057
0.492312 0.497887
0.037478 0.682997
0.047189 0.713519
0.0869 0.77662
0.107727 0.810503
0.482057 0.455747
0.481285 0.459464
0.484203 0.42853
0.489247 0.432424
0.488408 0.438642
0.482244 0.435005
0.478054 0.429599
0.481129 0.42356
0.485669 0.425548
0.490072 0.429052
0.476623 0.440389
0.484997 0.445039
0.483278 0.448704
0.472916 0.443612
0.426537 0.4733
0.441959 0.479039
0.459229 0.48217
0.473063 0.482826
0.476032 0.488229
0.465895 0.488847
0.478486 0.490543
0.470005 0.491249
0.473365 0.493756
0.477221 0.497128
0.480726 0.496912
0.481244 0.498669
0.480339 0.492901
0.48606 0.556834
0.485932 0.568362
0.466012 0.460499
0.48079 0.463892
0.481546 0.472459
0.466084 0.470719
0.449813 0.465922
0.450735 0.452752
0.487266 0.488061
0.467465 0.455682
0.469696 0.451939
0.453135 0.447422
0.456864 0.444035
0.436389 0.440106
0.432401 0.455272
0.413049 0.440439
0.423161 0.424526
0.390438 0.390749
0.413888 0.38408
0.412987 0.392703
0.413922 0.40156
0.393146 0.40593
0.377586 0.389646
0.380973 0.408454
0.400246 0.421997
0.416443 0.411504
0.422535 0.393965
0.432664 0.394815
0.423702 0.401225
0.433702 0.401484
0.425443 0.408921
0.434692 0.408364
0.435822 0.417482
0.428049 0.419003
0.462736 0.409526
0.461957 0.415522
0.453161 0.416564
0.454777 0.408978
0.465113 0.407917
0.456518 0.404745
0.477248 0.416131
0.476539 0.418169
0.46826 0.407228
0.462888 0.404574
0.447259 0.397374
0.445547 0.401417
0.444867 0.408213
0.444727 0.416369
0.460859 0.44075
0.447324 0.432981
0.453381 0.429986
0.465989 0.436457
0.459849 0.42768
0.483037 0.421345
0.47122 0.434459
0.480075 0.418565
0.481882 0.417405
0.476121 0.42265
0.480784 0.415127
0.480432 0.416124
0.482419 0.414783
0.482119 0.415795
0.466057 0.426023
0.441089 0.435266
0.471157 0.448133
0.482521 0.452456
0.488233 0.536215
0.486577 0.546278
0.449475 0.390777
0.457647 0.127332
0.418686 0.377218
0.482096 0.410317
0.478931 0.409602
0.392818 0.340707
0.409466 0.32885
0.417795 0.340542
0.403905 0.351581
0.434584 0.358762
0.425759 0.36908
0.43607 0.37362
0.443832 0.364349
0.452036 0.370424
0.445729 0.378386
0.46834 0.388068
0.475013 0.382157
0.482997 0.398477
0.479737 0.402556
0.478819 0.407273
0.464983 0.396627
0.463477 0.381888
0.459604 0.390005
0.471525 0.376051
0.415446 0.13284
0.452732 0.383387
0.458749 0.376511
0.467555 0.370504
0.462116 0.363431
0.455962 0.355586
0.448776 0.34863
0.435385 0.330682
0.431207 0.318796
0.454982 0.324165
0.452455 0.313403
0.464113 0.341937
0.469415 0.350442
0.473366 0.358488
0.47653 0.365913
0.485259 0.483363
0.483495 0.497399
0.487337 0.50014
0.485747 0.511681
0.493284 0.502616
0.481189 0.515391
0.484417 0.515003
0.482886 0.518884
0.479548 0.519572
0.487068 0.51532
0.48487 0.51905
0.492883 0.51542
0.491874 0.521214
0.48992 0.529452
0.491306 0.524432
0.481934 0.52212
0.477195 0.525438
0.472017 0.532395
0.462453 0.528397
0.259862 0.919947
0.479182 0.371376
0.482373 0.377683
0.487338 0.406885
0.485959 0.404066
0.489199 0.402503
0.490078 0.405831
0.488448 0.376491
0.491105 0.395081
0.487209 0.395974
0.487405 0.369578
0.485818 0.363792
0.483848 0.356272
0.492027 0.401846
0.492426 0.405381
0.482343 0.409161
0.483537 0.409555
0.483607 0.406525
0.48499 0.408263
0.472833 0.310574
0.474628 0.320157
0.481596 0.347174
0.478933 0.337732
0.066798 0.746023
0.231354 0.726775
0.247734 0.719577
0.280198 0.749928
0.263324 0.754507
0.217012 0.738546
0.247128 0.760638
0.168261 0.821222
0.20444 0.838045
0.238598 0.89105
0.135692 0.807299
0.114847 0.761151
0.149351 0.786459
0.186054 0.808273
0.067085 0.221466
0.055313 0.574565
0.221675 0.822335
0.241438 0.847909
0.272228 0.850676
0.249783 0.827173
0.287007 0.90046
0.316505 0.92776
0.023356 0.496651
0.485852 0.58002
0.097042 0.321643
0.126639 0.31577
0.232429 0.16784
0.123799 0.384932
0.12131 0.385222
0.175337 0.266374
0.155778 0.309621
0.075325 0.32493
0.107908 0.436909
0.10512 0.447093
0.110379 0.436584
0.107562 0.447348
0.103515 0.457498
0.112738 0.43347
0.116536 0.535543
0.122896 0.532908
0.134784 0.380861
0.13051 0.381095
0.132734 0.379209
0.136003 0.378452
0.138595 0.379863
0.138757 0.378006
0.140226 0.58936
0.130299 0.372713
0.122581 0.38243
0.126815 0.381066
0.130632 0.377377
0.136282 0.375788
0.14088 0.375604
0.142104 0.378531
0.113549 0.432871
0.131645 0.393754
0.101344 0.516338
0.09882 0.511139
0.104352 0.508329
0.106977 0.512993
0.066521 0.444449
0.063132 0.476444
0.036868 0.231346
0.03452 0.267129
0.08214 0.564458
0.103917 0.521013
0.10939 0.516825
0.101523 0.457471
0.101839 0.521677
0.099182 0.516862
0.112637 0.51388
0.110066 0.510355
0.10765 0.506222
0.09644 0.511025
0.098149 0.535738
0.120358 0.640301
0.102721 0.621827
0.123454 0.676719
0.104722 0.658335
0.08636 0.638881
0.083712 0.599414
0.113024 0.536228
0.124278 0.527815
0.21281 0.752255
0.189076 0.729602
0.244211 0.774144
0.238068 0.78444
0.208256 0.765467
0.175444 0.731959
0.135508 0.625789
0.140363 0.658864
0.155645 0.682828
0.145005 0.6972
0.175809 0.752479
0.149266 0.721646
0.173752 0.775707
0.147547 0.751794
0.122251 0.732791
0.12606 0.702276
0.203572 0.776555
0.233389 0.795494
0.20392 0.794022
0.228193 0.806035
0.167756 0.690884
0.154515 0.353789
0.168419 0.360416
0.188135 0.407893
0.239122 0.495473
0.228899 0.543102
0.220711 0.507583
0.226297 0.458555
0.220121 0.591885
0.210405 0.55516
0.200116 0.599281
0.217024 0.63802
0.071286 0.620724
0.070124 0.585598
0.066553 0.557805
0.322075 0.725839
0.03229 0.657854
0.316387 0.773132
0.070603 0.664844
0.056974 0.676019
0.105091 0.683696
0.087781 0.664167
0.071562 0.64383
0.063167 0.520827
0.264347 0.820932
0.279417 0.606991
0.279522 0.587119
0.282902 0.627739
0.284818 0.568075
0.435331 0.57272
0.436948 0.566348
0.438201 0.557786
0.42319 0.552197
0.425631 0.542828
0.451831 0.563814
0.451515 0.572652
0.440249 0.550167
0.442346 0.540039
0.450642 0.552623
0.429875 0.49537
0.423335 0.508136
0.432134 0.525147
0.413013 0.528286
0.417156 0.519163
0.428319 0.534817
0.408708 0.537116
0.445906 0.528813
0.453938 0.520106
0.449246 0.539841
0.46511 0.542419
0.463727 0.554612
0.421393 0.558461
0.405632 0.542886
0.407222 0.5037
0.394183 0.487758
0.399253 0.513918
0.386947 0.500143
0.394644 0.522828
0.38137 0.509465
0.382817 0.472348
0.373156 0.456893
0.363402 0.438359
0.362192 0.467992
0.351155 0.448579
0.353521 0.480044
0.340658 0.461892
0.374031 0.484612
0.367084 0.494868
0.376456 0.518229
0.390802 0.530277
0.346438 0.511923
0.348238 0.495096
0.362313 0.507057
0.359305 0.51888
0.332942 0.479728
0.332071 0.502428
0.331418 0.51949
0.384183 0.547799
0.401107 0.560494
0.370527 0.542587
0.345496 0.523014
0.358353 0.526767
0.309697 0.547298
0.320281 0.542889
0.344853 0.539069
0.357213 0.539484
0.331831 0.540335
0.415664 0.575948
0.427715 0.591666
0.146475 0.275705
0.464292 0.565604
0.464011 0.575893
0.441046 0.664436
0.444431 0.652108
0.469185 0.648092
0.432051 0.681987
0.43719 0.605859
0.442053 0.618601
0.444565 0.630347
0.445537 0.640703
0.399239 0.720831
0.410289 0.708217
0.267832 0.716018
0.247351 0.687253
0.318047 0.687163
0.302267 0.669148
0.290245 0.648946
0.235511 0.652201
0.232955 0.611323
0.237216 0.568534
0.289154 0.790141
0.283739 0.802595
0.302195 0.781572
0.294429 0.847001
0.310973 0.839192
0.27531 0.812685
0.320392 0.82672
0.324485 0.811664
0.339141 0.801751
0.352085 0.789903
0.365353 0.775599
0.112716 0.281315
0.479943 0.50398
0.480023 0.504017
0.479991 0.503866
0.48007 0.503889
0.48008 0.503713
0.480684 0.500876
0.480513 0.502342
0.48021 0.503394
0.179782 0.382168
0.1956 0.177514
0.161848 0.186033
0.797524 0.177441
0.831816 0.185975
0.572424 0.115442
0.618216 0.12088
0.610153 0.103947
0.567295 0.100334
0.775795 0.122966
0.785955 0.151135
0.822321 0.156767
0.816524 0.128759
0.858356 0.164485
0.854941 0.13256
0.892355 0.137821
0.893631 0.17354
0.927117 0.183865
0.928408 0.145792
0.664643 0.128626
0.707541 0.136669
0.696788 0.115134
0.65486 0.109223
0.747939 0.144575
0.736904 0.120469
0.956794 0.159535
0.957256 0.195
0.560381 0.062199
0.526501 0.061
0.527974 0.080184
0.563247 0.08176
0.63707 0.047301
0.676534 0.048689
0.669343 0.029555
0.632851 0.029051
0.693359 0.009766
0.724609 0.009766
0.597273 0.045757
0.596067 0.028271
0.009766 0.138672
0.009766 0.173828
0.737942 0.028021
0.775492 0.02818
0.759766 0.009766
0.886942 0.020032
0.888672 0.009766
0.857422 0.009766
0.862237 0.021112
0.802216 0.069907
0.84416 0.071498
0.832197 0.051132
0.790619 0.047418
0.915584 0.060223
0.875332 0.056639
0.883478 0.079411
0.920421 0.086097
0.749708 0.046472
0.760109 0.069014
0.71377 0.048318
0.721334 0.069797
0.682381 0.068892
0.851258 0.10052
0.890108 0.104814
0.923919 0.114266
0.955679 0.125864
0.986328 0.009766
0.009766 0.041016
0.952361 0.065926
0.954066 0.095141
0.703755 0.029073
0.728507 0.094727
0.68865 0.091866
0.626953 0.009766
0.662109 0.009766
0.595703 0.009766
0.564453 0.009766
0.951793 0.036519
0.955078 0.009766
0.923828 0.009766
0.910268 0.032622
0.641405 0.066939
0.599883 0.064169
0.559259 0.044295
0.810829 0.098936
0.768993 0.096738
0.647262 0.088061
0.604222 0.084329
0.5297 0.098328
0.560091 0.02696
0.791016 0.009766
0.822266 0.009766
0.835322 0.019964
0.009766 0.076172
0.496695 0.07955
0.497091 0.060366
0.496282 0.097549
0.818791 0.028907
0.867338 0.036144
0.495922 0.111115
0.009766 0.205078
0.497433 0.042052
0.497739 0.025546
0.498047 0.009766
0.531619 0.112351
0.527057 0.025855
0.526242 0.042712
0.529297 0.009766
0.009766 0.107422
0.419489 0.115429
0.373818 0.120907
0.382549 0.103945
0.425314 0.100312
0.218106 0.123011
0.207524 0.151202
0.171633 0.156815
0.177851 0.128809
0.136095 0.164517
0.139829 0.132598
0.10276 0.13785
0.101228 0.173558
0.06817 0.183871
0.067041 0.145817
0.327612 0.128716
0.285043 0.136778
0.296399 0.115211
0.338026 0.109274
0.245055 0.144666
0.256643 0.120535
0.038982 0.159547
0.038436 0.195008
0.433765 0.062158
0.46766 0.060997
0.46541 0.080181
0.430143 0.081727
0.35788 0.047291
0.318508 0.048706
0.326241 0.029552
0.362691 0.029041
0.302734 0.009766
0.271484 0.009766
0.397584 0.04571
0.399419 0.028239
0.257804 0.028046
0.22034 0.028203
0.236328 0.009766
0.109083 0.020037
0.107422 0.009766
0.138672 0.009766
0.133763 0.021116
0.192978 0.069959
0.151195 0.071539
0.16342 0.051156
0.20491 0.047463
0.080283 0.060239
0.120383 0.056657
0.11207 0.079442
0.075323 0.086122
0.245663 0.046514
0.234825 0.069066
0.281396 0.048351
0.273344 0.069851
0.312082 0.068935
0.143815 0.100569
0.105235 0.104856
0.071691 0.114293
0.040174 0.125881
0.043621 0.065934
0.041855 0.095155
0.291901 0.029072
0.265622 0.094788
0.305195 0.091925
0.369141 0.009766
0.333984 0.009766
0.400391 0.009766
0.431641 0.009766
0.04425 0.036516
0.041016 0.009766
0.072266 0.009766
0.085717 0.032633
0.352886 0.066942
0.394301 0.064125
0.43557 0.044252
0.183959 0.098993
0.225445 0.096793
0.346342 0.088082
0.389234 0.084301
0.462872 0.098322
0.435378 0.026938
0.205078 0.009766
0.173828 0.009766
0.160679 0.019974
0.177087 0.028918
0.128543 0.036149
0.460241 0.112334
0.46842 0.025858
0.468609 0.04271
0.466797 0.009766
0.479905 0.503716
0.227821 0.383498
0.215125 0.356904
0.236813 0.323229
0.247322 0.353606
0.264912 0.294536
0.265541 0.32907
0.296495 0.275909
0.289198 0.309626
0.326601 0.27065
0.314873 0.300921
0.391272 0.279638
0.393908 0.26418
0.426107 0.269884
0.426046 0.280686
0.451009 0.272836
0.450635 0.281221
0.472324 0.273753
0.472894 0.281011
0.495464 0.274345
0.495495 0.281473
0.495556 0.291832
0.472603 0.292088
0.472793 0.287021
0.495525 0.286126
0.451402 0.293692
0.450899 0.287115
0.428717 0.297797
0.426918 0.289338
0.397442 0.305936
0.39453 0.293699
0.373231 0.318135
0.361672 0.305451
0.472613 0.262115
0.49543 0.264726
0.451186 0.260281
0.427743 0.256829
0.401007 0.247943
0.357202 0.269822
0.370266 0.243378
0.338 0.245915
0.30341 0.249544
0.26418 0.268285
0.228758 0.29961
0.203345 0.336971
0.201091 0.381689
0.451586 0.303307
0.472651 0.301136
0.429942 0.307744
0.403 0.317113
0.383019 0.32943
0.364229 0.366424
0.369962 0.34611
0.368239 0.411319
0.364297 0.388796
0.34186 0.424331
0.335975 0.394453
0.350618 0.38903
0.355419 0.415571
0.329083 0.43806
0.321812 0.404713
0.472784 0.250121
0.495393 0.250567
0.451996 0.247747
0.431014 0.241495
0.410108 0.228594
0.384584 0.220182
0.354075 0.215753
0.315946 0.221317
0.269875 0.240599
0.223519 0.281046
0.193935 0.322179
0.408859 0.192719
0.4285 0.204157
0.444635 0.216644
0.457824 0.226027
0.473998 0.22427
0.495202 0.221982
0.473666 0.198541
0.495108 0.198801
0.462324 0.185465
0.495271 0.182279
0.454543 0.173634
0.495457 0.167657
0.357133 0.33769
0.34212 0.331196
0.334646 0.362347
0.318519 0.367693
0.324835 0.329646
0.350233 0.361984
0.303869 0.336495
0.302139 0.378228
0.308496 0.419101
0.28822 0.391825
0.284535 0.349513
0.295169 0.428876
0.281687 0.438356
0.275391 0.403912
0.270097 0.366184
0.34671 0.293462
0.255367 0.383025
0.268074 0.448682
0.261764 0.41675
0.252617 0.463959
0.244656 0.433256
0.236384 0.406375
0.209922 0.409028
0.495526 0.300642
0.139545 0.355116
0.41903 0.45581
0.435582 0.467684
0.453858 0.474274
0.469267 0.476833
0.48349 0.477694
0.495763 0.140227
0.496674 0.700385
0.495604 0.15538
0.495297 0.405251
0.39556 0.942036
0.495554 0.309736
0.495398 0.401461
0.496478 0.546108
0.49557 0.319257
0.495625 0.345422
0.495608 0.363008
0.496881 0.792407
0.495616 0.354825
0.496241 0.482658
0.496452 0.536719
0.4956 0.369416
0.986328 0.333984
0.495611 0.336761
0.495532 0.394835
0.495592 0.375946
0.496262 0.430323
0.496229 0.477187
0.496593 0.603855
0.986328 0.466797
0.496576 0.591923
0.497402 0.847661
0.497085 0.812617
0.496506 0.557105
0.986328 0.595703
0.986328 0.626953
0.496711 0.75607
0.084441 0.824908
0.496431 0.530039
0.496309 0.502312
0.497596 0.90566
0.986328 0.529297
0.955576 0.744383
0.496217 0.449866
0.498047 0.923828
0.496229 0.446032
0.49637 0.515409
0.986328 0.498047
0.986328 0.564453
0.496174 0.464125
0.496207 0.472215
0.937275 0.784646
0.496676 0.721244
0.496196 0.459443
0.496638 0.645071
0.496203 0.455843
0.495872 0.125641
0.986328 0.693359
0.49621 0.452659
0.49626 0.439975
0.496535 0.569162
0.49628 0.434234
0.496775 0.773065
0.496248 0.490635
0.496263 0.49319
0.496625 0.631456
0.497258 0.830253
0.496649 0.657621
0.496233 0.488112
0.986328 0.662109
0.135684 0.887132
0.798186 0.923734
0.49661 0.617182
0.496558 0.581177
0.986328 0.302734
0.496396 0.52116
0.496412 0.524952
0.497502 0.88626
0.986328 0.431641
0.70302 0.949356
0.497474 0.866962
0.986328 0.369141
0.986328 0.400391
0.496358 0.512502
0.496659 0.671205
0.496336 0.50719
0.021308 0.727217
0.49628 0.497402
0.512796 0.503761
0.763987 0.383409
0.77645 0.356789
0.754453 0.323143
0.744227 0.353536
0.726141 0.294492
0.725821 0.32902
0.694508 0.275883
0.70203 0.309617
0.490552 0.512925
0.491262 0.508049
0.664434 0.270609
0.676317 0.300905
0.430745 0.619809
0.475496 0.496031
0.476242 0.556296
0.435229 0.623303
0.599789 0.279618
0.597053 0.264136
0.564775 0.269897
0.564925 0.280694
0.46971 0.4969
0.539898 0.272853
0.540347 0.281233
0.518599 0.273766
0.518094 0.28102
0.475788 0.57894
0.459068 0.617013
0.51851 0.292089
0.518259 0.287028
0.476264 0.567261
0.457841 0.50697
0.45839 0.497388
0.486834 0.523431
0.484121 0.527932
0.539713 0.293695
0.485849 0.517461
0.489942 0.51541
0.540149 0.287122
0.425164 0.613352
0.391089 0.60642
0.488247 0.520302
0.492483 0.517941
0.408809 0.608205
0.42774 0.616337
0.474502 0.518888
0.469002 0.609877
0.562412 0.2978
0.564136 0.289344
0.593746 0.305942
0.596567 0.293705
0.466847 0.515226
0.618051 0.318143
0.629571 0.305473
0.518231 0.262132
0.419916 0.610202
0.415089 0.607849
0.477008 0.544825
0.539632 0.260307
0.563037 0.25685
0.589855 0.24789
0.633855 0.269801
0.40323 0.60844
0.48961 0.498955
0.480335 0.517715
0.483523 0.517325
0.486774 0.495463
0.620759 0.24332
0.653043 0.245857
0.443632 0.624949
0.687546 0.249474
0.473782 0.599007
0.475726 0.588546
0.726618 0.268257
0.7622 0.299568
0.490988 0.503516
0.788018 0.336888
0.790724 0.38156
0.539544 0.303339
0.518466 0.301156
0.561247 0.307784
0.480684 0.534892
0.588225 0.317139
0.608331 0.32945
0.627414 0.366446
0.48069 0.495424
0.621501 0.34615
0.623742 0.411266
0.627507 0.388774
0.650256 0.424281
0.655905 0.394408
0.641198 0.389007
0.496383 0.518175
0.489242 0.517667
0.636611 0.415525
0.663177 0.438038
0.670169 0.404683
0.517984 0.250147
0.395679 0.681716
0.394659 0.670561
0.538726 0.247794
0.559651 0.24153
0.58066 0.228572
0.606383 0.220172
0.637121 0.21567
0.675353 0.22128
0.421839 0.695591
0.481303 0.68678
0.464328 0.689261
0.721308 0.240572
0.393434 0.639877
0.391996 0.626965
0.395733 0.659011
0.392576 0.630591
0.392759 0.634906
0.767547 0.280993
0.395816 0.652803
0.797478 0.322117
0.395227 0.649145
0.582191 0.192787
0.402913 0.692524
0.562211 0.20419
0.545774 0.216694
0.394483 0.644988
0.390835 0.623223
0.532675 0.226089
0.387578 0.613989
0.516428 0.224309
0.496669 0.686174
0.428623 0.724192
0.308903 0.695681
0.516557 0.198579
0.292923 0.675326
0.528268 0.185584
0.317906 0.530579
0.306671 0.534102
0.43733 0.708536
0.53636 0.173776
0.634289 0.3377
0.649254 0.331186
0.656947 0.362302
0.673128 0.367607
0.40728 0.767247
0.325412 0.869883
0.414337 0.752637
0.361644 0.726674
0.666538 0.329639
0.345714 0.857742
0.641367 0.361982
0.687584 0.336517
0.689602 0.378173
0.683636 0.419103
0.703651 0.39177
0.330712 0.715653
0.707032 0.349492
0.278289 0.554812
0.475819 0.738967
0.270877 0.578184
0.697093 0.428864
0.449867 0.738434
0.149027 0.836997
0.710671 0.438363
0.716594 0.40385
0.721582 0.366152
0.644476 0.293442
0.450392 0.679395
0.736441 0.382962
0.357173 0.533525
0.344789 0.531556
0.724404 0.448669
0.179532 0.848324
0.287043 0.544957
0.388897 0.800713
0.457739 0.651492
0.454851 0.664033
0.379556 0.815572
0.730348 0.416677
0.74005 0.463946
0.747626 0.433144
0.370284 0.829582
0.755643 0.406277
0.782121 0.408923
0.296562 0.875117
0.41655 0.572766
0.852544 0.355225
0.573372 0.455862
0.556944 0.467747
0.280278 0.652252
0.272748 0.627181
0.217793 0.863676
0.384685 0.544309
0.269698 0.602206
0.122725 0.839807
0.538676 0.474398
0.29629 0.538528
0.523279 0.47693
0.508994 0.477727
0.390971 0.734066
0.370749 0.537649
0.457542 0.639787
0.429876 0.589123
0.440475 0.603894
0.360236 0.844002
0.447917 0.61656
0.455183 0.628858
0.401375 0.557202
0.398844 0.78371
0.26117 0.872547
0.331068 0.530601
0.102742 0.85419
0.49667 0.739258
0.45226 0.622427
0.444203 0.694106
0.421323 0.738838
0.495574 0.327991
0.40883 0.416612
0.403872 0.40349
0.407332 0.37097
0.432961 0.446804
0.418553 0.431802
0.441758 0.340437
0.402261 0.391813
0.459208 0.333434
0.403101 0.380735
0.476544 0.329047
0.496188 0.468222
0.465565 0.465667
0.481063 0.468219
0.44927 0.458991
0.414924 0.361217
0.425808 0.350541
0.502165 0.512866
0.501425 0.507976
0.56257 0.619754
0.517108 0.496102
0.516777 0.556289
0.558072 0.623155
0.523046 0.496975
0.517337 0.578904
0.534166 0.616961
0.516811 0.567236
0.535992 0.506945
0.534908 0.497467
0.50599 0.523424
0.50874 0.527931
0.506925 0.517443
0.502799 0.51537
0.568107 0.613336
0.602197 0.606482
0.504546 0.520287
0.500281 0.517925
0.584495 0.608159
0.565571 0.616286
0.518357 0.518892
0.524213 0.609833
0.526392 0.51532
0.573368 0.610167
0.578209 0.607795
0.51595 0.544835
0.590076 0.608379
0.502951 0.498977
0.512468 0.517712
0.509263 0.517317
0.505713 0.495534
0.549706 0.624761
0.519405 0.598966
0.517431 0.588507
0.501652 0.503505
0.512224 0.534898
0.511731 0.495495
0.503523 0.517641
0.597881 0.68145
0.598879 0.67034
0.571604 0.695256
0.512037 0.686716
0.529026 0.689131
0.600064 0.639879
0.601471 0.627029
0.597802 0.658869
0.60091 0.630655
0.600734 0.634939
0.597704 0.65269
0.598283 0.649077
0.59061 0.692187
0.599019 0.644959
0.602623 0.623295
0.605852 0.614092
0.564791 0.723734
0.685731 0.695491
0.701432 0.675298
0.675141 0.530517
0.686388 0.534096
0.556053 0.70819
0.585882 0.766223
0.667838 0.867928
0.57901 0.751836
0.632621 0.725895
0.64775 0.854864
0.664094 0.715112
0.714984 0.554815
0.517524 0.738833
0.722598 0.578171
0.543467 0.738132
0.848298 0.836743
0.542916 0.67918
0.635908 0.53349
0.648277 0.531522
0.818133 0.848992
0.706139 0.544956
0.603576 0.798797
0.535575 0.651299
0.538461 0.663803
0.61277 0.812847
0.622617 0.825545
0.696245 0.874912
0.576644 0.572628
0.713854 0.652273
0.721128 0.627228
0.779178 0.865621
0.608494 0.544179
0.723974 0.602233
0.87411 0.839431
0.696843 0.538496
0.602804 0.733237
0.622405 0.537558
0.535788 0.639647
0.563282 0.589137
0.552795 0.603805
0.63321 0.84043
0.54538 0.616404
0.538146 0.628721
0.591739 0.557127
0.593965 0.782357
0.734656 0.874546
0.66199 0.530569
0.541049 0.622296
0.549148 0.693845
0.572079 0.738226
0.58322 0.416632
0.588049 0.403513
0.584247 0.371036
0.559393 0.446902
0.573652 0.431877
0.549551 0.340559
0.589534 0.391848
0.532102 0.333509
0.588611 0.380784
0.51464 0.329083
0.526908 0.465772
0.511313 0.468276
0.543218 0.459099
0.576554 0.361362
0.565554 0.350706
0.608332 0.60622
0.384974 0.606128
0.920464 0.93211
0.915739 0.937662
0.911391 0.942787
0.907647 0.947216
0.921852 0.932984
0.918162 0.939607
0.915141 0.945119
0.912275 0.950252
0.923343 0.933687
0.921093 0.940637
0.919172 0.946966
0.917282 0.952478
0.924951 0.93409
0.92414 0.941299
0.923462 0.947645
0.922711 0.953703
0.926612 0.93398
0.927258 0.94137
0.9278 0.947989
0.928305 0.953722
0.928245 0.933727
0.930297 0.940862
0.932046 0.946914
0.93381 0.952709
0.929791 0.933155
0.93311 0.939595
0.936157 0.945427
0.938899 0.950537
0.931207 0.932288
0.935736 0.937939
0.939784 0.94295
0.943383 0.947433
0.932315 0.931072
0.937943 0.935764
0.942992 0.939978
0.947467 0.943782
0.933308 0.929765
0.939688 0.933225
0.945289 0.936286
0.950441 0.939172
0.933892 0.928225
0.940878 0.930403
0.947106 0.932328
0.952644 0.934207
0.934305 0.926633
0.941513 0.92741
0.947847 0.928103
0.953886 0.928861
0.934247 0.924992
0.941578 0.924364
0.948179 0.923826
0.953879 0.923346
0.934034 0.923376
0.941015 0.921365
0.947101 0.919647
0.952889 0.917903
0.93334 0.921889
0.939857 0.918521
0.945669 0.915607
0.950756 0.912842
0.932524 0.920462
0.938212 0.915938
0.943168 0.911999
0.947723 0.908346
0.931341 0.919329
0.93606 0.91375
0.940278 0.908729
0.943961 0.904368
0.930047 0.918336
0.933537 0.912021
0.936568 0.906464
0.939399 0.901353
0.9285 0.917764
0.930696 0.91081
0.932609 0.904623
0.934449 0.899133
0.92691 0.917334
0.927694 0.910155
0.928357 0.903871
0.929108 0.89787
0.925265 0.917384
0.924629 0.910061
0.924019 0.903512
0.923519 0.897817
0.923633 0.917587
0.921608 0.910624
0.919825 0.904561
0.918038 0.89876
0.92214 0.918276
0.91873 0.911738
0.915733 0.905954
0.912942 0.900861
0.920699 0.919086
0.916117 0.913403
0.912127 0.908428
0.908391 0.90385
0.919561 0.920271
0.913879 0.915531
0.908842 0.911299
0.904297 0.90752
0.918547 0.921567
0.912092 0.918039
0.906413 0.914935
0.90132 0.912151
0.917955 0.923106
0.910875 0.920877
0.904579 0.91893
0.899011 0.917085
0.917529 0.9247
0.910211 0.92389
0.903816 0.923194
0.897697 0.922479
0.917564 0.92635
0.910152 0.926954
0.903467 0.927529
0.897632 0.928043
0.917767 0.927992
0.910765 0.929984
0.904552 0.931737
0.898667 0.933501
0.925956 0.92572
0.918429 0.929508
0.911934 0.932865
0.906005 0.935807
0.900805 0.938636
0.919365 0.930873
0.913444 0.935583
0.908462 0.93948
0.903844 0.943193
0.904179 0.951342
0.899845 0.956471
0.895318 0.961904
0.891152 0.966991
0.886838 0.972284
0.882558 0.977579
0.970244 0.844334
0.971699 0.846088
0.972934 0.847573
0.974078 0.848945
0.975113 0.850181
0.976095 0.851353
0.977038 0.852478
0.909635 0.955134
0.906283 0.96108
0.903074 0.967135
0.899797 0.973007
0.896691 0.978922
0.893864 0.984919
0.972219 0.843005
0.97328 0.844993
0.974223 0.846712
0.975058 0.848269
0.975837 0.849694
0.976566 0.851027
0.977273 0.852317
0.915729 0.957624
0.913569 0.964263
0.911695 0.970779
0.909604 0.977175
0.907789 0.983419
0.906134 0.989822
0.974407 0.842107
0.975053 0.844231
0.975643 0.846122
0.976156 0.847801
0.976638 0.849348
0.977095 0.850805
0.977535 0.852206
0.922156 0.959114
0.921459 0.96576
0.920808 0.972387
0.920129 0.979218
0.919448 0.985762
0.918974 0.992319
0.976712 0.841635
0.976943 0.843861
0.977143 0.845832
0.977322 0.847556
0.977494 0.849165
0.977655 0.850686
0.977813 0.852147
0.928788 0.958957
0.929466 0.965888
0.93007 0.972651
0.930728 0.979168
0.931409 0.985915
0.979307 0.839033
0.979071 0.841607
0.978857 0.843874
0.978664 0.845814
0.978511 0.847553
0.978367 0.849162
0.978228 0.850679
0.978097 0.852145
0.935329 0.95791
0.937242 0.964271
0.939117 0.970836
0.94109 0.977383
0.943069 0.983682
0.945049 0.990147
0.981376 0.842098
0.980732 0.844226
0.980166 0.846097
0.979677 0.847779
0.979222 0.849329
0.978791 0.850789
0.978377 0.852197
0.941356 0.955315
0.94469 0.961437
0.947709 0.967544
0.950962 0.973439
0.953987 0.979197
0.957232 0.984939
0.983547 0.842984
0.982515 0.844936
0.981586 0.846669
0.980776 0.848228
0.980028 0.84966
0.97932 0.851006
0.97864 0.852304
0.946844 0.951792
0.951235 0.957014
0.955465 0.962407
0.959791 0.967526
0.964002 0.972662
0.987145 0.842241
0.985518 0.844261
0.984104 0.846007
0.982868 0.847511
0.981767 0.848883
0.98075 0.850141
0.979799 0.851318
0.978878 0.852459
0.951551 0.947189
0.956688 0.951452
0.962121 0.955953
0.967173 0.960114
0.972446 0.964404
0.977718 0.968664
0.987175 0.84593
0.98544 0.847366
0.983967 0.848587
0.982604 0.84972
0.981372 0.850746
0.980205 0.85172
0.979081 0.852658
0.955314 0.941777
0.961234 0.945134
0.967303 0.948297
0.973152 0.951548
0.97903 0.954662
0.984998 0.957471
0.98849 0.847883
0.986523 0.848933
0.98482 0.849866
0.983274 0.850695
0.981855 0.851467
0.980528 0.85219
0.979241 0.852893
0.95778 0.935741
0.96439 0.937905
0.970882 0.939787
0.977271 0.941841
0.983485 0.943672
0.989866 0.94531
0.98938 0.850047
0.987278 0.85069
0.985406 0.851276
0.983739 0.851786
0.982197 0.852262
0.980749 0.852716
0.979352 0.853154
0.959269 0.929402
0.965895 0.930093
0.972515 0.930766
0.979325 0.931427
0.985839 0.932119
0.992346 0.932575
0.989852 0.852329
0.987646 0.852563
0.985697 0.852766
0.983983 0.852946
0.982377 0.853112
0.980867 0.853274
0.979411 0.853432
0.959088 0.922854
0.965994 0.922185
0.972758 0.921605
0.979238 0.920953
0.985966 0.920244
0.992439 0.854891
0.989886 0.854666
0.987634 0.854458
0.985722 0.854282
0.983986 0.85413
0.982386 0.853979
0.980875 0.853845
0.979413 0.853715
0.958068 0.916378
0.964409 0.91448
0.970944 0.912638
0.977479 0.910701
0.98376 0.908726
0.990191 0.906725
0.989408 0.856954
0.987298 0.856322
0.985424 0.855768
0.98376 0.855288
0.982226 0.854833
0.980767 0.854406
0.979361 0.853995
0.955518 0.910411
0.961608 0.907121
0.967703 0.904144
0.973579 0.90093
0.979319 0.897929
0.98503 0.894658
0.988535 0.859112
0.986594 0.858095
0.984867 0.857179
0.983318 0.85638
0.981896 0.855637
0.980551 0.854934
0.979255 0.854257
0.952046 0.904942
0.957268 0.900647
0.962669 0.896463
0.967725 0.892175
0.972845 0.888023
0.989281 0.862679
0.987274 0.861071
0.985536 0.859676
0.984037 0.858454
0.98267 0.857366
0.981418 0.856358
0.980241 0.855412
0.9791 0.854495
0.947411 0.900307
0.951699 0.895235
0.956215 0.88989
0.960381 0.884872
0.96468 0.879648
0.968953 0.87443
0.985624 0.862719
0.984194 0.861007
0.982975 0.85955
0.981842 0.858202
0.980817 0.85698
0.979844 0.85582
0.978902 0.854699
0.942053 0.896536
0.945417 0.890704
0.948633 0.884716
0.951934 0.87895
0.955085 0.873149
0.957954 0.867251
0.983697 0.86403
0.982645 0.862088
0.981709 0.860404
0.980876 0.858874
0.980101 0.857464
0.979373 0.856141
0.978668 0.854858
0.936024 0.89404
0.938222 0.887524
0.940161 0.881085
0.942301 0.874833
0.944255 0.868716
0.946065 0.862443
0.98156 0.864924
0.980909 0.862847
0.980313 0.860996
0.979792 0.859344
0.979308 0.857809
0.978848 0.856363
0.978407 0.85497
0.929668 0.892545
0.930449 0.886009
0.931176 0.879294
0.931985 0.872731
0.932846 0.866264
0.97958 0.867953
0.97931 0.865409
0.979057 0.863226
0.978832 0.861309
0.978638 0.859579
0.97846 0.857993
0.978292 0.856484
0.978129 0.855029
0.923091 0.892611
0.922496 0.885722
0.921957 0.87917
0.921583 0.872552
0.92116 0.865861
0.976815 0.867973
0.977004 0.865474
0.977178 0.863245
0.977321 0.861324
0.977461 0.859606
0.977594 0.858
0.977721 0.856494
0.977846 0.855032
0.916591 0.893575
0.914715 0.887234
0.912928 0.880697
0.911245 0.874087
0.909613 0.867735
0.974073 0.867545
0.974727 0.865059
0.975317 0.862937
0.97584 0.861052
0.976301 0.859389
0.976741 0.857849
0.97716 0.856388
0.977567 0.854981
0.977971 0.853589
0.910534 0.896052
0.907257 0.889911
0.904347 0.883753
0.901311 0.877755
0.898596 0.871851
0.97143 0.866587
0.972563 0.864228
0.973535 0.862264
0.974423 0.860517
0.975203 0.858957
0.975935 0.857525
0.976631 0.856175
0.977304 0.854875
0.904975 0.899477
0.900655 0.894179
0.896524 0.888693
0.892381 0.883386
0.888408 0.878007
0.968979 0.865126
0.970572 0.863002
0.971929 0.861231
0.973131 0.859704
0.974208 0.858317
0.975209 0.857051
0.97615 0.855867
0.977065 0.85472
0.900221 0.904055
0.895115 0.899693
0.88975 0.895063
0.884845 0.890678
0.879787 0.886102
0.874777 0.881512
0.968853 0.861385
0.970559 0.859903
0.972011 0.858648
0.97336 0.857492
0.974581 0.856452
0.975742 0.855467
0.976862 0.854522
0.896411 0.909459
0.890453 0.905995
0.884404 0.902685
0.878642 0.899218
0.872908 0.895855
0.965194 0.860763
0.967466 0.85947
0.969434 0.858354
0.971131 0.85738
0.972675 0.856524
0.97409 0.855734
0.975415 0.854998
0.9767 0.854288
0.893847 0.915474
0.88718 0.913209
0.880601 0.911235
0.874199 0.909012
0.868018 0.906913
0.963991 0.858169
0.96652 0.857299
0.968637 0.856597
0.970515 0.855969
0.972196 0.855433
0.973738 0.854938
0.975191 0.854472
0.976588 0.854027
0.89227 0.921874
0.885618 0.92107
0.87879 0.920288
0.871913 0.919521
0.86532 0.918588
0.858584 0.917614
0.966 0.854982
0.968235 0.854703
0.970192 0.854463
0.971942 0.854269
0.973549 0.854084
0.975068 0.853913
0.976529 0.853748
0.89228 0.928512
0.885348 0.92906
0.878578 0.92957
0.871924 0.930104
0.865014 0.930643
0.963256 0.852378
0.965908 0.852587
0.968212 0.852774
0.970175 0.852925
0.971918 0.853074
0.973541 0.85321
0.975058 0.853338
0.976526 0.853464
0.893457 0.935024
0.886848 0.936862
0.880261 0.938685
0.873611 0.940541
0.867256 0.942484
0.860755 0.94448
0.966378 0.850231
0.968541 0.850865
0.970457 0.851414
0.972147 0.851902
0.973695 0.852349
0.975165 0.852774
0.976577 0.853184
0.895966 0.941083
0.889718 0.944358
0.883564 0.947337
0.877612 0.950556
0.871822 0.953597
0.866065 0.95687
0.967265 0.848017
0.969252 0.849053
0.971017 0.849981
0.972578 0.850789
0.974024 0.851537
0.97538 0.852243
0.976684 0.85292
0.899459 0.946639
0.894166 0.950992
0.888742 0.955199
0.883613 0.959523
0.878454 0.963724
0.966503 0.844363
0.968554 0.846014
0.970328 0.847441
0.971854 0.848686
0.973237 0.84979
0.974506 0.850809
0.975691 0.851761
0.976839 0.852682
0.067814 0.929831
0.062248 0.934559
0.057212 0.938803
0.052834 0.942489
0.068917 0.931031
0.064416 0.936718
0.06046 0.941688
0.056792 0.946268
0.07033 0.931857
0.066991 0.938387
0.064029 0.944172
0.061268 0.949297
0.071804 0.932545
0.069829 0.939531
0.068072 0.945628
0.066315 0.951424
0.073428 0.932757
0.07283 0.940101
0.072254 0.946698
0.071766 0.952417
0.075065 0.932822
0.075882 0.94004
0.076546 0.946375
0.077314 0.952428
0.076648 0.932412
0.078883 0.939407
0.08078 0.945655
0.082647 0.951185
0.078185 0.93183
0.081698 0.938239
0.084743 0.943837
0.087629 0.949008
0.079512 0.930858
0.084238 0.936507
0.088436 0.941549
0.092251 0.946052
0.080712 0.929742
0.086398 0.934307
0.091425 0.938379
0.095908 0.942002
0.081567 0.928315
0.088019 0.931679
0.093863 0.934739
0.098984 0.937514
0.082158 0.926775
0.089296 0.928881
0.095363 0.930645
0.101151 0.932447
0.08241 0.925145
0.089829 0.925839
0.096416 0.926416
0.102144 0.926929
0.082507 0.923503
0.089733 0.922743
0.096107 0.922098
0.102198 0.921354
0.082105 0.921915
0.089068 0.919716
0.095403 0.917834
0.100966 0.915951
0.081416 0.92043
0.088061 0.916794
0.093604 0.913803
0.098749 0.910947
0.08054 0.919045
0.086156 0.91436
0.091293 0.910052
0.095733 0.906312
0.079307 0.917984
0.084101 0.912048
0.088036 0.907099
0.09175 0.902504
0.077978 0.917045
0.081424 0.910537
0.084396 0.904636
0.087219 0.899454
0.076492 0.916365
0.078557 0.909365
0.080342 0.903182
0.082136 0.897299
0.074865 0.91613
0.075545 0.908749
0.076138 0.902099
0.076685 0.896267
0.073219 0.916065
0.072473 0.908778
0.071815 0.902401
0.071121 0.896315
0.07163 0.916494
0.069444 0.909419
0.067548 0.903139
0.065748 0.897585
0.070099 0.917092
0.066611 0.91062
0.063557 0.904961
0.060803 0.899889
0.068783 0.918085
0.064088 0.912405
0.059915 0.907371
0.056179 0.902822
0.067592 0.919215
0.061953 0.914621
0.057037 0.910627
0.052483 0.906883
0.066775 0.920652
0.060316 0.917238
0.054576 0.914244
0.049498 0.911423
0.066111 0.922153
0.059173 0.920093
0.053136 0.918317
0.047369 0.916533
0.065897 0.923774
0.058616 0.923118
0.052098 0.922535
0.046422 0.92201
0.065834 0.925421
0.058695 0.926185
0.05243 0.926843
0.046462 0.927573
0.074142 0.924466
0.06626 0.927001
0.059326 0.929196
0.053159 0.931097
0.047673 0.932945
0.066815 0.928536
0.060506 0.932018
0.054974 0.935078
0.049845 0.937897
0.048745 0.945921
0.043629 0.950167
0.038214 0.95465
0.033146 0.958778
0.027873 0.963038
0.022589 0.967292
0.029828 0.843308
0.028398 0.845023
0.02718 0.846482
0.026049 0.847832
0.025024 0.849055
0.024052 0.850215
0.02311 0.851337
0.053364 0.950584
0.049014 0.955773
0.044769 0.961115
0.040438 0.966189
0.036215 0.971273
0.033487 0.843344
0.03148 0.844956
0.029743 0.846354
0.028244 0.847578
0.02688 0.848668
0.025626 0.849676
0.024449 0.850624
0.023308 0.85154
0.058833 0.954045
0.055497 0.960163
0.052462 0.966234
0.049202 0.972078
0.046148 0.977789
0.035056 0.845676
0.032744 0.846915
0.030802 0.847935
0.029072 0.848852
0.027532 0.849654
0.026104 0.850398
0.024759 0.851102
0.023463 0.851778
0.064789 0.956603
0.06286 0.962984
0.060989 0.969547
0.058996 0.975966
0.056991 0.982274
0.054896 0.988707
0.03362 0.849075
0.031508 0.849709
0.029634 0.850263
0.027963 0.850752
0.026432 0.851202
0.024974 0.851629
0.023569 0.852041
0.071271 0.957636
0.070581 0.964558
0.070028 0.97127
0.069226 0.97787
0.068499 0.984579
0.036657 0.851141
0.0341 0.851367
0.031845 0.851576
0.029932 0.851753
0.028192 0.851909
0.026589 0.852055
0.025083 0.85219
0.023621 0.85232
0.077848 0.957818
0.078551 0.964454
0.079146 0.971097
0.079728 0.977947
0.080377 0.984483
0.036657 0.853961
0.034066 0.853707
0.031858 0.853474
0.029907 0.85327
0.02819 0.853092
0.026588 0.852922
0.025075 0.852762
0.023619 0.852604
0.084203 0.95633
0.086355 0.96298
0.088168 0.969538
0.090207 0.975938
0.091997 0.982159
0.036115 0.856741
0.033593 0.855992
0.031489 0.855348
0.029615 0.854761
0.027946 0.85425
0.026407 0.853773
0.024957 0.853319
0.02356 0.852881
0.090202 0.953903
0.093527 0.959843
0.096698 0.96593
0.09993 0.971821
0.103046 0.977714
0.035052 0.859395
0.0327 0.858158
0.030733 0.857106
0.029028 0.856171
0.027482 0.855342
0.026064 0.854569
0.024736 0.853846
0.023449 0.853143
0.095638 0.950195
0.099896 0.95535
0.104377 0.960793
0.108533 0.965857
0.112842 0.971129
0.117098 0.976401
0.031383 0.860111
0.029649 0.858673
0.028175 0.857451
0.026812 0.856316
0.025581 0.85529
0.024413 0.854316
0.023289 0.853378
0.100238 0.945498
0.105479 0.949915
0.110875 0.954122
0.116005 0.958439
0.121144 0.962654
0.031349 0.863802
0.029724 0.86178
0.028311 0.860031
0.027075 0.858526
0.025975 0.857153
0.024958 0.855896
0.024007 0.854718
0.023086 0.853576
0.103741 0.93999
0.109876 0.943332
0.116003 0.946348
0.121911 0.94959
0.127676 0.952626
0.029001 0.865382
0.027752 0.863055
0.026721 0.861101
0.025793 0.859368
0.024984 0.857808
0.024236 0.856376
0.023528 0.85503
0.022848 0.853731
0.106314 0.933951
0.112686 0.935902
0.119272 0.937783
0.12586 0.939715
0.132177 0.941679
0.138657 0.943663
0.025579 0.863938
0.024937 0.86181
0.024372 0.859939
0.023884 0.858257
0.02343 0.856707
0.022999 0.855247
0.022585 0.853839
0.107376 0.927434
0.114328 0.928123
0.121122 0.928734
0.127653 0.929356
0.134419 0.930035
0.023507 0.867001
0.023275 0.864426
0.023062 0.86216
0.022871 0.860221
0.022718 0.858482
0.022575 0.856873
0.022437 0.855356
0.022305 0.85389
0.107614 0.920817
0.114257 0.920138
0.120903 0.919479
0.127739 0.91878
0.134278 0.918067
0.020667 0.867007
0.020917 0.864397
0.021149 0.862172
0.02135 0.860202
0.02153 0.858479
0.021702 0.856871
0.021863 0.855349
0.022021 0.853889
0.106146 0.914403
0.112774 0.91222
0.119309 0.91034
0.125699 0.908226
0.131936 0.906379
0.017862 0.866467
0.018614 0.863923
0.01926 0.861801
0.019851 0.859912
0.020365 0.858234
0.020846 0.856688
0.021303 0.85523
0.021743 0.85383
0.103634 0.908324
0.109576 0.904936
0.115645 0.901724
0.12152 0.89843
0.127431 0.895286
0.015183 0.8654
0.016428 0.863024
0.017489 0.861039
0.018432 0.859321
0.019267 0.857766
0.020046 0.856341
0.020775 0.855008
0.021481 0.853719
0.099874 0.902849
0.105022 0.898523
0.110462 0.893965
0.115522 0.889765
0.120807 0.885419
0.126094 0.881135
0.014456 0.861696
0.015909 0.859945
0.017144 0.858461
0.018288 0.85709
0.019322 0.855854
0.020303 0.854683
0.021246 0.853558
0.095199 0.898112
0.099555 0.892839
0.103757 0.887397
0.108072 0.882252
0.112282 0.877084
0.010724 0.861667
0.01277 0.860019
0.01454 0.858593
0.016063 0.85735
0.017448 0.856246
0.018715 0.855227
0.0199 0.854275
0.021047 0.853355
0.089692 0.894632
0.092953 0.888356
0.095946 0.882186
0.099157 0.876244
0.102173 0.870442
0.009117 0.859287
0.011483 0.85802
0.013465 0.856983
0.015221 0.856055
0.016793 0.855247
0.018232 0.854499
0.019589 0.853793
0.020892 0.853116
0.083677 0.892093
0.085489 0.885488
0.087314 0.878891
0.089155 0.872257
0.091085 0.865894
0.093039 0.859361
0.010596 0.855812
0.012759 0.855176
0.014657 0.85462
0.016349 0.85414
0.017901 0.853688
0.019373 0.853262
0.020785 0.852852
0.077153 0.890914
0.07772 0.883973
0.078243 0.877204
0.078733 0.870532
0.079263 0.863626
0.00747 0.853676
0.01012 0.853461
0.012419 0.853273
0.014395 0.85311
0.016126 0.852966
0.017745 0.852826
0.019266 0.852698
0.020734 0.852572
0.070534 0.890891
0.069762 0.884234
0.069013 0.877381
0.068207 0.870503
0.067247 0.863923
0.066247 0.85719
0.010208 0.851065
0.012443 0.851341
0.014404 0.851577
0.016149 0.851772
0.017761 0.851952
0.019277 0.852124
0.020737 0.852287
0.022179 0.852447
0.064153 0.892427
0.06194 0.88573
0.059988 0.879162
0.057726 0.872776
0.055606 0.866595
0.053223 0.860424
0.010725 0.848746
0.012844 0.849446
0.014724 0.850072
0.016404 0.850606
0.017948 0.851099
0.019399 0.851565
0.020796 0.85201
0.058161 0.894961
0.054769 0.88899
0.051467 0.882941
0.048005 0.877181
0.044624 0.871452
0.009395 0.84528
0.01167 0.846573
0.01364 0.847687
0.015339 0.84866
0.016882 0.849515
0.018299 0.850304
0.019623 0.851039
0.020908 0.851748
0.052767 0.898728
0.048441 0.893607
0.043826 0.888251
0.039455 0.883345
0.034889 0.878286
0.030298 0.873276
0.013056 0.844655
0.014764 0.846136
0.016217 0.847391
0.017567 0.848546
0.018789 0.849586
0.01995 0.85057
0.021069 0.851514
0.048138 0.903424
0.042918 0.899096
0.037473 0.894971
0.032189 0.89083
0.02683 0.886838
0.021321 0.883155
0.014775 0.843037
0.016133 0.844807
0.017337 0.846334
0.018414 0.84772
0.019417 0.848987
0.020358 0.85017
0.021273 0.851316
0.044732 0.908981
0.038616 0.905704
0.032516 0.902765
0.02655 0.899707
0.020676 0.896936
0.014599 0.894342
0.016766 0.841809
0.017739 0.843774
0.018628 0.84552
0.019411 0.847079
0.020142 0.848513
0.020838 0.849861
0.021511 0.851161
0.042214 0.915024
0.035854 0.913164
0.02946 0.911391
0.022862 0.909613
0.01653 0.90788
0.010159 0.906416
0.01893 0.840978
0.01952 0.843099
0.020045 0.844983
0.020509 0.846645
0.020947 0.848191
0.021367 0.849648
0.021774 0.851055
0.04124 0.921575
0.034395 0.920993
0.02774 0.920329
0.021155 0.919908
0.014498 0.919393
0.021015 0.838064
0.021205 0.840562
0.021381 0.84279
0.021526 0.844711
0.021669 0.846427
0.021799 0.848031
0.021928 0.849542
0.022053 0.851004
0.041125 0.928158
0.034557 0.928894
0.027802 0.929537
0.021185 0.930314
0.014676 0.931069
0.023778 0.838082
0.02351 0.840625
0.023259 0.842808
0.023034 0.844726
0.022848 0.846449
0.022667 0.84804
0.022499 0.849552
0.022337 0.851007
0.042583 0.934489
0.036012 0.936678
0.029533 0.938533
0.023194 0.940613
0.016991 0.942492
0.026509 0.838625
0.02576 0.841108
0.025111 0.843185
0.024516 0.845035
0.023999 0.846696
0.023515 0.848225
0.023056 0.849672
0.022614 0.851066
0.045025 0.940497
0.039148 0.943843
0.033117 0.947005
0.027275 0.950255
0.021387 0.953362
0.029125 0.839679
0.027898 0.841999
0.026848 0.843943
0.025914 0.845628
0.025083 0.847162
0.024308 0.848571
0.02358 0.849894
0.022875 0.851177
